
20190821143607 25.3 970.8 48.4
20190821143614 25.3 970.8 48.4
20190821143642 25.3 970.8 48.4
20190821144001 25.4 970.8 48.4
20190821144101 25.4 970.8 48.5
20190821144201 25.4 970.8 48.5
20190821144301 25.3 970.8 48.5
20190821144401 25.4 970.9 48.5
20190821144501 25.4 970.8 48.5
20190821144601 25.3 970.8 48.5
20190821144701 25.4 970.9 48.5
20190821144801 25.4 970.8 48.5
20190821144902 25.4 970.8 48.5
20190821145002 25.4 970.9 48.4
20190821145102 25.4 970.8 48.3
20190821145201 25.4 970.8 48.3
20190821145301 25.4 970.8 48.3
20190821145401 25.5 970.8 48.3
20190821145501 25.5 970.8 48.4
20190821145601 25.5 970.8 48.2
20190821145701 25.5 970.8 48.2
20190821145801 25.5 970.8 48.1
20190821145901 25.6 970.8 48.1
20190821150001 25.6 970.8 48.0
20190821150101 25.6 970.7 48.0
20190821150202 25.6 970.8 47.9
20190821150302 25.7 970.8 47.9
20190821150402 25.7 970.8 47.9
20190821150501 25.7 970.8 47.9
20190821150601 25.7 970.7 48.1
20190821150701 25.7 970.8 47.9
20190821150801 25.7 970.8 47.9
20190821150901 25.7 970.7 47.9
20190821151001 25.7 970.8 47.8
20190821151101 25.7 970.8 47.8
20190821151201 25.8 970.8 47.7
20190821151301 25.8 970.8 47.7
20190821151401 25.8 970.8 47.7
20190821151501 25.8 970.8 47.7
20190821151601 25.8 970.7 47.7
20190821151701 25.8 970.7 47.7
20190821151802 25.8 970.8 47.8
20190821151902 25.9 970.8 47.6
20190821152001 25.9 970.8 47.5
20190821152101 25.9 970.7 47.4
20190821152201 26.0 970.8 47.3
20190821152301 26.0 970.8 47.3
20190821152401 26.0 970.7 47.3
20190821152502 26.2 970.7 46.9
20190821152734 26.2 970.7 46.8
20190821152734 26.2 970.7 46.8
20190821152801 26.2 970.7 46.9
20190821152901 26.1 970.7 47.0
20190821153001 26.1 970.7 47.0
20190821153101 26.1 970.7 47.0
20190821153201 26.1 970.6 47.1
20190821153301 26.1 970.7 47.1
20190821153401 26.1 970.6 47.2
20190821153501 26.1 970.7 47.1
20190821153601 26.1 970.7 47.1
20190821153701 26.1 970.6 47.2
20190821153801 26.0 970.6 47.2
20190821153901 26.0 970.6 47.3
20190821154002 26.0 970.7 47.3
20190821154102 26.0 970.6 47.3
20190821154202 26.0 970.6 47.3
20190821154302 26.0 970.7 47.3
20190821154401 26.0 970.6 47.3
20190821154501 26.0 970.7 47.3
20190821154601 26.1 970.6 47.2
20190821154701 26.1 970.6 47.1
20190821154801 26.1 970.5 47.1
20190821154901 26.1 970.6 47.1
20190821155001 26.1 970.6 47.1
20190821155101 26.1 970.6 47.1
20190821155213 26.1 970.5 47.0
20190821155302 26.1 970.6 46.7
20190821155402 26.1 970.6 47.2
20190821155502 26.1 970.6 47.2
20190821155602 26.0 970.6 47.1
20190821155702 26.0 970.6 47.1
20190821155802 26.0 970.6 47.1
20190821155902 26.0 970.6 47.0
20190821160002 26.0 970.5 47.0
20190821160102 26.0 970.5 47.0
20190821160202 26.0 970.5 47.0
20190821160302 26.0 970.5 47.0
20190821160402 25.9 970.5 47.1
20190821160501 25.9 970.5 47.1
20190821160601 25.9 970.4 47.1
20190821160701 25.9 970.5 47.1
20190821160801 25.9 970.5 47.1
20190821160901 25.9 970.5 47.1
20190821161001 25.9 970.5 47.1
20190821161101 25.9 970.4 47.1
20190821161201 25.9 970.4 47.1
20190821161301 25.8 970.4 47.1
20190821161401 25.8 970.4 47.1
20190821161502 25.8 970.4 47.4
20190821161602 25.8 970.3 47.1
20190821161702 25.8 970.3 47.1
20190821161801 25.8 970.4 47.1
20190821161901 25.8 970.3 47.0
20190821162001 25.8 970.3 47.1
20190821162101 25.8 970.3 47.0
20190821162201 25.7 970.3 46.8
20190821162301 25.7 970.3 47.0
20190821162401 25.7 970.3 47.1
20190821162501 25.7 970.3 47.1
20190821162601 25.7 970.3 47.1
20190821162701 25.7 970.3 47.0
20190821162801 25.7 970.3 47.0
20190821162902 25.7 970.3 47.0
20190821163002 25.7 970.3 47.0
20190821163102 25.7 970.3 47.1
20190821163202 25.7 970.3 46.9
20190821163302 25.7 970.2 47.0
20190821163401 25.7 970.3 47.1
20190821163501 25.6 970.3 47.2
20190821163601 25.6 970.3 47.3
20190821163701 25.6 970.2 47.5
20190821163801 25.6 970.3 47.6
20190821163901 25.5 970.3 47.7
20190821164001 25.5 970.3 47.8
20190821164101 25.5 970.3 47.9
20190821164201 25.5 970.2 48.0
20190821164301 25.5 970.3 48.0
20190821164401 25.4 970.3 48.1
20190821164501 25.4 970.3 48.2
20190821164601 25.4 970.3 48.3
20190821164701 25.4 970.3 48.3
20190821164802 25.4 970.3 48.4
20190821164902 25.4 970.3 48.5
20190821165002 25.4 970.3 48.5
20190821165101 25.3 970.3 48.6
20190821165201 25.3 970.4 48.6
20190821165301 25.3 970.4 48.7
20190821165401 25.3 970.3 48.7
20190821165501 25.3 970.4 48.8
20190821165601 25.4 970.4 48.6
20190821165701 25.4 970.3 48.4
20190821165801 25.4 970.4 48.6
20190821165901 25.4 970.3 48.6
20190821170002 25.4 970.4 48.6
20190821170102 25.4 970.4 48.7
20190821170202 25.4 970.4 48.6
20190821170301 25.4 970.4 48.7
20190821170401 25.4 970.4 48.8
20190821170501 25.3 970.4 48.8
20190821170601 25.3 970.4 48.9
20190821170701 25.3 970.4 48.9
20190821170801 25.3 970.4 48.9
20190821170901 25.3 970.4 49.0
20190821171001 25.3 970.4 49.0
20190821171101 25.3 970.4 49.0
20190821171201 25.3 970.5 49.1
20190821171301 25.3 970.4 49.0
20190821171401 25.3 970.4 49.2
20190821171501 25.3 970.5 49.3
20190821171601 25.2 970.5 49.3
20190821171701 25.2 970.5 49.5
20190821171801 25.2 970.4 49.3
20190821171901 25.2 970.4 49.7
20190821172002 25.2 970.4 49.6
20190821172102 25.2 970.4 49.7
20190821172202 25.2 970.4 49.7
20190821172301 25.2 970.4 49.7
20190821172401 25.2 970.3 49.6
20190821172501 25.2 970.4 49.6
20190821172601 25.2 970.4 49.6
20190821172701 25.2 970.4 49.6
20190821172801 25.2 970.5 49.6
20190821172901 25.2 970.5 49.6
20190821173001 25.2 970.5 49.6
20190821173101 25.2 970.4 49.7
20190821173201 25.2 970.4 49.6
20190821173302 25.2 970.4 49.6
20190821173402 25.2 970.4 49.5
20190821173502 25.3 970.4 49.6
20190821173601 25.3 970.4 49.5
20190821173701 25.2 970.5 49.4
20190821173801 25.3 970.4 49.5
20190821173901 25.3 970.5 49.5
20190821174001 25.3 970.4 49.4
20190821174101 25.3 970.4 49.4
20190821174201 25.4 970.4 49.4
20190821174301 25.4 970.4 49.3
20190821174401 25.4 970.4 49.3
20190821174501 25.4 970.4 49.4
20190821174602 25.3 970.4 49.4
20190821174702 25.3 970.4 49.5
20190821174802 25.3 970.4 49.5
20190821174902 25.3 970.4 49.5
20190821175002 25.3 970.4 49.6
20190821175102 25.3 970.4 49.6
20190821175202 25.3 970.4 49.7
20190821175302 25.3 970.3 49.7
20190821175401 25.2 970.3 49.7
20190821175502 25.2 970.3 49.8
20190821175601 26.2 968.6 43.7
20190822124259 26.2 968.6 43.7
20190822124300 26.1 968.6 43.9
20190822124401 26.1 968.6 43.9
20190822124501 26.0 968.6 44.1
20190822124601 26.0 968.6 44.1
20190822124702 24.0 967.3 48.4
20190823162531 24.0 967.3 48.5
20190823162601 24.0 967.3 48.5