
20190821143626 25.2 970.0 47.0
20190821144001 25.2 970.0 47.0
20190821144101 25.3 970.0 47.0
20190821144201 25.2 970.0 47.1
20190821144301 25.2 970.0 47.1
20190821144401 25.2 970.0 47.1
20190821144501 25.2 970.0 47.1
20190821144601 25.3 970.1 47.1
20190821144701 25.3 970.1 47.1
20190821144801 25.3 970.0 47.1
20190821144902 25.3 970.1 47.1
20190821145002 25.3 970.0 47.1
20190821145102 25.3 970.0 46.9
20190821145201 25.3 970.0 47.0
20190821145301 25.3 970.0 47.1
20190821145401 25.4 970.0 47.0
20190821145501 25.4 970.0 46.9
20190821145601 25.4 970.0 46.9
20190821145701 25.4 970.0 46.9
20190821145801 25.4 969.9 46.9
20190821145901 25.4 969.9 46.8
20190821150001 25.4 969.9 46.8
20190821150101 25.5 970.0 46.8
20190821150202 25.5 969.9 46.8
20190821150302 25.5 970.0 46.7
20190821150402 25.5 970.0 46.7
20190821150501 25.5 970.0 46.7
20190821150601 25.5 970.0 46.7
20190821150701 25.5 970.0 46.7
20190821150801 25.5 970.0 46.7
20190821150901 25.5 970.0 46.7
20190821151001 25.6 970.0 46.6
20190821151101 25.6 969.9 46.6
20190821151201 25.6 970.0 46.6
20190821151301 25.6 970.0 46.5
20190821151401 25.6 970.0 46.5
20190821151501 25.6 970.0 46.5
20190821151601 25.6 970.0 46.5
20190821151701 25.7 970.0 46.5
20190821151802 25.7 970.0 46.8
20190821151902 25.7 970.0 46.5
20190821152001 25.8 969.9 46.3
20190821152101 25.8 970.0 46.2
20190821152201 25.8 969.9 46.2
20190821152301 25.9 969.9 46.1
20190821152401 25.9 969.9 46.1
20190821152502 26.1 969.9 45.8
20190821152734 26.1 969.9 45.6
20190821152734 26.1 969.9 45.6
20190821152801 26.1 969.9 45.6
20190821152901 26.0 969.9 45.7
20190821153001 26.0 969.8 45.8
20190821153101 26.0 969.9 45.8
20190821153201 26.0 969.9 45.9
20190821153301 26.0 969.9 45.9
20190821153401 25.9 969.9 46.2
20190821153501 25.9 969.8 45.9
20190821153601 25.9 969.9 46.0
20190821153701 25.9 969.9 46.0
20190821153801 25.9 969.9 46.0
20190821153901 25.9 969.9 46.1
20190821154002 25.9 969.9 46.1
20190821154102 25.9 969.8 46.1
20190821154202 25.9 969.9 46.1
20190821154302 25.9 969.8 46.2
20190821154401 25.9 969.9 46.2
20190821154501 25.9 969.9 46.2
20190821154601 26.0 969.8 46.0
20190821154701 26.1 969.8 45.7
20190821154801 26.0 969.8 45.8
20190821154901 26.0 969.8 45.8
20190821155001 26.0 969.8 45.8
20190821155101 26.0 969.8 45.9
20190821155213 26.0 969.7 45.8
20190821155302 26.0 969.8 45.8
20190821155402 26.0 969.8 45.8
20190821155502 25.9 969.8 45.9
20190821155602 25.9 969.8 45.9
20190821155702 25.9 969.8 45.9
20190821155802 25.9 969.8 46.0
20190821155902 25.9 969.7 45.9
20190821160002 25.9 969.8 45.9
20190821160102 25.9 969.8 45.9
20190821160202 25.9 969.7 45.9
20190821160302 25.8 969.7 45.9
20190821160402 25.8 969.7 45.9
20190821160501 25.8 969.7 45.9
20190821160601 25.8 969.7 45.9
20190821160701 25.8 969.7 46.0
20190821160801 25.8 969.7 46.0
20190821160901 25.8 969.7 45.9
20190821161001 25.7 969.7 46.0
20190821161101 25.7 969.6 45.9
20190821161201 25.7 969.6 46.0
20190821161301 25.7 969.7 45.9
20190821161401 25.7 969.5 45.9
20190821161502 25.7 969.5 46.1
20190821161602 25.7 969.6 46.0
20190821161702 25.7 969.6 46.0
20190821161801 25.6 969.6 45.9
20190821161901 25.6 969.6 45.9
20190821162001 25.6 969.6 45.9
20190821162101 25.6 969.5 45.9
20190821162201 25.6 969.6 46.1
20190821162301 25.6 969.5 46.0
20190821162401 25.6 969.6 46.0
20190821162501 25.6 969.6 46.0
20190821162601 25.6 969.5 46.0
20190821162701 25.6 969.5 46.0
20190821162801 25.6 969.5 46.0
20190821162902 25.5 969.5 46.0
20190821163002 25.5 969.5 46.0
20190821163102 25.5 969.5 46.0
20190821163202 25.5 969.5 45.8
20190821163302 25.5 969.6 46.0
20190821163401 25.5 969.5 46.1
20190821163501 25.5 969.5 46.2
20190821163601 25.5 969.5 46.2
20190821163701 25.4 969.5 46.4
20190821163801 25.4 969.5 46.5
20190821163901 25.4 969.5 46.6
20190821164001 25.4 969.5 46.7
20190821164101 25.4 969.5 46.7
20190821164201 25.3 969.5 46.9
20190821164301 25.4 969.5 46.8
20190821164401 25.4 969.6 46.9
20190821164501 25.3 969.6 47.0
20190821164601 25.3 969.5 47.1
20190821164701 25.3 969.6 47.2
20190821164802 25.2 969.5 47.3
20190821164902 25.2 969.5 47.5
20190821165002 25.2 969.5 47.4
20190821165101 25.2 969.6 47.4
20190821165201 25.2 969.6 47.5
20190821165301 25.2 969.6 47.6
20190821165401 25.2 969.6 47.6
20190821165501 25.2 969.6 47.6
20190821165601 25.3 969.6 47.3
20190821165701 25.4 969.6 47.3
20190821165801 25.4 969.6 47.2
20190821165901 25.3 969.6 47.3
20190821170002 25.4 969.6 47.2
20190821170102 25.4 969.7 47.2
20190821170202 25.4 969.6 47.1
20190821170301 25.4 969.6 47.3
20190821170401 25.3 969.7 47.4
20190821170501 25.3 969.7 47.5
20190821170601 25.3 969.6 47.6
20190821170701 25.3 969.7 47.6
20190821170801 25.2 969.7 47.7
20190821170901 25.2 969.7 47.7
20190821171001 25.2 969.7 47.8
20190821171101 25.2 969.7 47.8
20190821171201 25.2 969.7 47.7
20190821171301 25.2 969.7 48.0
20190821171401 25.1 969.7 48.0
20190821171501 25.1 969.8 48.1
20190821171601 25.1 969.7 48.2
20190821171701 25.1 969.7 48.3
20190821171801 25.1 969.8 48.4
20190821171901 25.1 969.6 48.4
20190821172002 25.1 969.6 48.5
20190821172102 25.1 969.7 48.5
20190821172202 25.1 969.6 48.6
20190821172301 25.1 969.6 48.6
20190821172401 25.1 969.6 48.6
20190821172501 25.1 969.6 48.6
20190821172601 25.1 969.6 48.6
20190821172701 25.1 969.7 48.5
20190821172801 25.1 969.7 48.5
20190821172901 25.1 969.7 48.6
20190821173001 25.1 969.7 48.6
20190821173101 25.1 969.7 48.7
20190821173201 25.1 969.7 48.5
20190821173302 25.1 969.7 48.6
20190821173402 25.1 969.7 48.5
20190821173502 25.1 969.7 48.6
20190821173601 25.1 969.7 48.5
20190821173701 25.1 969.7 48.6
20190821173801 25.1 969.7 48.5
20190821173901 25.1 969.7 48.5
20190821174001 25.3 969.7 48.2
20190821174101 25.3 969.7 48.1
20190821174201 25.4 969.7 47.9
20190821174301 25.4 969.7 47.8
20190821174401 25.4 969.7 48.0
20190821174501 25.3 969.7 48.1
20190821174602 25.3 969.7 48.2
20190821174702 25.2 969.6 48.2
20190821174802 25.2 969.6 48.3
20190821174902 25.2 969.7 48.3
20190821175002 25.2 969.7 48.4
20190821175102 25.2 969.7 48.5
20190821175202 25.2 969.6 48.7
20190821175302 25.2 969.6 48.6
20190821175402 25.1 969.6 48.6
20190821175502 25.1 969.6 48.6
20190821175601 26.7 968.1 41.5
20190822124259 26.7 968.1 41.4
20190822124300 26.7 968.1 41.6
20190822124401 26.4 968.1 42.0
20190822124501 26.3 968.1 42.4
20190822124601 26.2 968.1 42.6
20190822124702 23.8 966.8 48.0
20190823162531 23.8 966.8 48.1
20190823162601 23.8 966.8 48.0
20190823163101 23.8 966.8 48.3
20190823163201 23.8 966.8 48.4
20190823163301 23.8 966.7 48.4
20190823163401 23.9 966.7 48.4
20190823163501 23.8 966.7 48.5
20190823163601 23.8 966.7 48.7
20190823163701 23.8 966.7 48.5
20190823163801 23.8 966.7 48.5
20190823163901 23.8 966.7 48.5
20190823164001 23.8 966.7 48.5
20190823164101 23.8 966.7 48.5
20190823164201 23.8 966.7 48.4
20190823164301 23.8 966.7 48.4
20190823164401 23.8 966.7 48.4
20190823164501 23.8 966.6 48.2
20190823164601 23.8 966.6 48.3
20190823164701 23.8 966.6 48.3
20190823164801 23.8 966.6 48.2
20190823164901 23.8 966.6 48.3
20190823165001 23.8 966.7 48.3
20190823165101 23.8 966.5 48.3
20190823165201 23.8 966.6 48.3
20190823165301 23.8 966.6 48.3
20190823165401 23.8 966.6 48.3
20190823165501 23.8 966.6 48.4
20190823165601 23.8 966.6 48.4
20190823165701 23.8 966.6 48.4
20190823165801 23.7 966.6 48.4
20190823165901 23.7 966.5 48.4
20190823170001 23.7 966.5 48.4
20190823170102 23.7 966.6 48.4
20190823170202 23.7 966.5 48.4
20190823170302 23.7 966.5 48.5
20190823170402 23.7 966.5 48.9
20190823170502 23.7 966.5 48.8
20190823170602 23.7 966.5 48.5
20190823170702 23.7 966.5 48.5
20190823170802 23.7 966.5 48.5
20190823170902 23.7 966.5 48.5
20190823171002 23.7 966.5 48.5
20190823171102 23.7 966.4 48.5
20190823171202 23.7 966.5 48.5
20190823171302 23.7 966.5 48.6
20190823171402 23.7 966.5 48.5
20190823171502 23.7 966.5 48.5
20190823171602 23.7 966.5 48.5
20190823171702 23.7 966.5 48.5
20190823171801 23.7 966.5 48.5
20190823171901 23.7 966.5 48.5
20190823172001 23.7 966.5 48.6
20190823172101 23.6 966.5 48.5
20190823172201 23.6 966.4 48.6
20190823172301 23.6 966.5 48.6
20190823172401 23.6 966.4 48.6
20190823172501 23.6 966.4 48.6
20190823172601 23.6 966.3 48.7
20190823172701 23.6 966.4 48.7
20190823172801 23.6 966.3 48.8
20190823172901 23.6 966.4 48.7
20190823173001 23.6 966.4 48.7
20190823173101 23.6 966.4 48.8
20190823173201 23.6 966.4 48.8
20190823173301 23.5 966.3 48.8
20190823173401 23.5 966.4 48.8
20190823173501 23.5 966.4 48.8
20190823173601 23.5 966.4 48.8
20190823173701 23.5 966.4 48.9
20190823173801 23.5 966.4 48.9
20190823173901 23.5 966.3 48.9
20190823174001 23.5 966.3 48.9
20190823174101 23.5 966.4 48.9
20190823174201 23.5 966.3 48.9
20190823174301 23.5 966.4 49.0
20190823174401 23.5 966.4 48.9
20190823174501 23.5 966.3 48.9
20190823174601 23.5 966.3 48.9
20190823174702 23.5 966.3 48.9
20190823174802 23.5 966.3 48.9
20190823174902 23.5 966.3 48.9
20190823175002 23.5 966.3 48.9
20190823175102 23.5 966.3 48.9
20190823175202 23.5 966.3 48.8
20190823175302 23.5 966.3 48.8
20190823175402 23.5 966.2 48.8
20190823175502 23.5 966.2 48.8
20190823175602 23.5 966.2 48.8
20190823175702 23.5 966.2 48.8
20190823175802 23.5 966.2 48.8
20190823175902 23.5 966.1 48.8
20190823180002 23.5 966.1 48.8
20190823180101 23.5 966.1 48.8
20190823180201 23.5 966.2 48.8
20190823180301 23.5 966.1 48.8
20190823180401 23.5 966.1 48.8
20190823180501 23.5 966.1 48.8
20190823180601 23.5 966.1 48.8
20190823180701 23.5 966.1 48.8
20190823180801 23.5 966.1 48.8
20190823180901 23.5 966.1 48.8
20190823181001 23.5 966.2 48.8
20190823181101 23.5 966.2 48.8
20190823181201 23.5 966.1 48.8
20190823181301 23.5 966.2 48.8
20190823181401 23.5 966.2 48.8
20190823181501 23.5 966.2 48.9
20190823181601 23.5 966.2 49.0
20190823181701 23.5 966.2 48.9
20190823181801 23.5 966.2 49.0
20190823181901 23.5 966.2 49.0
20190823182001 23.5 966.2 49.0
20190823182101 23.5 966.2 49.0
20190823182201 23.4 966.2 49.0
20190823182301 23.5 966.2 49.0
20190823182401 23.4 966.2 49.2
20190823182501 23.4 966.2 49.0
20190823182601 23.4 966.2 49.0
20190823182701 23.4 966.2 49.1
20190823182801 23.4 966.2 49.1
20190823182901 23.4 966.2 49.1
20190823183001 23.4 966.2 49.1
20190823183101 23.4 966.2 49.1
20190823183201 23.4 966.2 49.1
20190823183301 23.4 966.1 49.1
20190823183401 23.4 966.1 49.0
20190823183501 23.4 966.1 49.1
20190823183601 23.4 966.2 49.1
20190823183701 23.4 966.2 49.0
20190823183801 23.4 966.1 49.0
20190823183901 23.4 966.1 49.2
20190823184001 23.4 966.1 49.1
20190823184101 23.4 966.1 49.1
20190823184201 23.4 966.1 49.2
20190823184301 23.4 966.1 49.1
20190823184401 23.4 966.1 49.2
20190823184501 23.4 966.1 49.2
20190823184601 23.4 966.1 49.2
20190823184701 23.4 966.1 49.3
20190823184801 23.4 966.1 49.2
20190823184901 23.4 966.1 49.2
20190823185001 23.4 966.1 49.2
20190823185101 23.3 966.2 49.2
20190823185201 23.3 966.1 49.3
20190823185301 23.3 966.1 49.3
20190823185401 23.3 966.2 49.3
20190823185501 23.3 966.2 49.3
20190823185601 23.3 966.2 49.3
20190823185701 23.3 966.2 49.3
20190823185801 23.3 966.1 49.3
20190823185901 23.3 966.2 49.4
20190823190001 23.3 966.2 49.4
20190823190101 23.3 966.1 49.3
20190823190201 23.3 966.1 49.4
20190823190301 23.2 966.1 49.4
20190823190401 23.2 966.1 49.5
20190823190501 23.2 966.2 49.5
20190823190601 23.2 966.1 49.5
20190823190701 23.2 966.2 49.5
20190823190801 23.2 966.1 49.5
20190823190901 23.2 966.2 49.6
20190823191001 23.2 966.2 49.6
20190823191101 23.2 966.2 49.6
20190823191201 23.2 966.3 49.6
20190823191301 23.2 966.2 49.6
20190823191401 23.2 966.2 49.6
20190823191501 23.2 966.2 49.7
20190823191601 23.2 966.3 49.7
20190823191701 23.2 966.2 49.7
20190823191801 23.2 966.3 49.7
20190823191901 23.1 966.2 49.7
20190823192001 23.1 966.2 49.7
20190823192101 23.1 966.2 49.9
20190823192201 23.1 966.3 49.7
20190823192301 23.1 966.2 49.6
20190823192401 23.1 966.2 49.8
20190823192501 23.1 966.2 49.8
20190823192601 23.1 966.2 49.8
20190823192701 23.1 966.3 49.8
20190823192801 23.1 966.2 50.0
20190823192901 23.1 966.3 49.9
20190823193001 23.1 966.2 50.0
20190823193101 23.1 966.2 49.9
20190823193201 23.1 966.2 50.0
20190823193301 23.1 966.3 50.2
20190823193401 23.1 966.2 50.0
20190823193501 23.1 966.2 50.0
20190823193601 23.1 966.3 50.0
20190823193701 23.1 966.3 50.0
20190823193801 23.1 966.2 50.2
20190823193901 23.1 966.2 50.0
20190823194001 23.1 966.2 50.0
20190823194101 23.1 966.2 50.0
20190823194201 23.1 966.2 49.9
20190823194301 23.1 966.2 50.0
20190823194401 23.1 966.2 50.0
20190823194501 23.1 966.3 50.0
20190823194601 23.1 966.3 50.0
20190823194701 23.1 966.3 50.0
20190823194801 23.1 966.3 50.1
20190823194901 23.1 966.3 50.1
20190823195001 23.0 966.3 50.1
20190823195101 23.0 966.3 50.1
20190823195201 23.0 966.3 50.1
20190823195301 23.0 966.4 50.1
20190823195401 23.0 966.3 50.1
20190823195501 23.0 966.3 50.1
20190823195601 23.0 966.3 50.0
20190823195701 23.0 966.3 50.1
20190823195801 23.0 966.3 50.1
20190823195901 23.0 966.3 50.1
20190823200001 23.0 966.3 50.1
20190823200101 23.0 966.2 50.2
20190823200201 23.0 966.3 50.1
20190823200301 23.0 966.3 50.1
20190823200401 23.0 966.3 50.2
20190823200501 23.0 966.3 50.2
20190823200601 23.0 966.3 50.2
20190823200701 23.0 966.3 50.2
20190823200801 23.0 966.3 50.2
20190823200901 23.0 966.2 50.2
20190823201001 23.0 966.3 50.2
20190823201101 23.0 966.3 50.2
20190823201201 23.0 966.3 50.2
20190823201301 23.0 966.3 50.2
20190823201401 23.0 966.3 50.2
20190823201501 23.0 966.3 50.2
20190823201601 23.0 966.3 50.2
20190823201701 23.0 966.3 50.4
20190823201801 22.9 966.4 50.3
20190823201901 22.9 966.4 50.3
20190823202001 22.9 966.3 50.3
20190823202101 22.9 966.4 50.3
20190823202201 22.9 966.4 50.1
20190823202301 22.9 966.3 50.3
20190823202401 22.9 966.4 50.3
20190823202501 22.9 966.4 50.3
20190823202601 22.9 966.4 50.3
20190823202701 22.9 966.4 50.3
20190823202801 22.9 966.4 50.3
20190823202901 22.9 966.4 50.3
20190823203001 22.9 966.4 50.3
20190823203101 22.9 966.5 50.3
20190823203201 22.9 966.5 50.3
20190823203301 22.9 966.4 50.3
20190823203401 22.9 966.4 50.6
20190823203501 22.9 966.4 50.3
20190823203601 22.9 966.4 50.5
20190823203701 22.9 966.4 50.4
20190823203801 22.9 966.4 50.3
20190823203901 22.9 966.4 50.4
20190823204001 22.9 966.4 50.4
20190823204101 22.9 966.4 50.4
20190823204201 22.9 966.4 50.4
20190823204301 22.9 966.4 50.4
20190823204401 22.9 966.4 50.4
20190823204501 22.9 966.5 50.4
20190823204601 22.9 966.4 50.4
20190823204701 22.8 966.5 50.4
20190823204801 22.9 966.6 50.4
20190823204901 22.9 966.5 50.4
20190823205001 22.9 966.5 50.4
20190823205101 22.8 966.6 50.4
20190823205201 22.8 966.5 50.4
20190823205301 22.8 966.6 50.4
20190823205401 22.8 966.6 50.4
20190823205501 22.8 966.6 50.4
20190823205601 22.8 966.5 50.4
20190823205701 22.8 966.5 50.5
20190823205801 22.8 966.6 50.5
20190823205901 22.8 966.5 50.5
20190823210001 22.8 966.5 50.5
20190823210101 22.8 966.5 50.5
20190823210201 22.8 966.5 50.5
20190823210301 22.8 966.5 50.5
20190823210401 22.8 966.5 50.5
20190823210501 22.8 966.5 50.5
20190823210601 22.8 966.5 50.5
20190823210701 22.8 966.5 50.5
20190823210802 22.8 966.5 50.5
20190823210902 22.8 966.4 50.5
20190823211002 22.8 966.5 50.5
20190823211102 22.8 966.5 50.5
20190823211202 22.8 966.5 50.5
20190823211302 22.8 966.5 50.5
20190823211402 22.8 966.5 50.5
20190823211502 22.8 966.5 50.5
20190823211602 22.8 966.5 50.5
20190823211702 22.8 966.5 50.6
20190823211802 22.8 966.4 50.5
20190823211902 22.8 966.5 50.5
20190823212001 22.8 966.4 50.5
20190823212101 22.8 966.4 50.6
20190823212201 22.8 966.4 50.5
20190823212301 22.8 966.4 50.6
20190823212401 22.8 966.4 50.5
20190823212501 22.8 966.4 50.5
20190823212601 22.8 966.4 50.5
20190823212701 22.8 966.4 50.6
20190823212801 22.8 966.3 50.6
20190823212901 22.8 966.3 50.6
20190823213001 22.8 966.3 50.6
20190823213102 22.8 966.3 50.6
20190823213202 22.8 966.3 50.6
20190823213302 22.8 966.3 50.6
20190823213402 22.8 966.3 50.6
20190823213502 22.8 966.2 50.6
20190823213601 22.8 966.3 50.6
20190823213701 22.8 966.3 50.7
20190823213801 22.8 966.3 50.7
20190823213901 22.8 966.3 50.6
20190823214001 22.8 966.3 50.6
20190823214101 22.8 966.3 50.6
20190823214201 22.8 966.3 50.6
20190823214301 22.7 966.2 50.6
20190823214401 22.7 966.3 50.6
20190823214502 22.7 966.3 50.6
20190823214602 22.7 966.3 50.6
20190823214701 22.7 966.3 50.6
20190823214801 22.7 966.3 50.6
20190823214901 22.8 966.3 50.6
20190823215001 22.7 966.3 50.6
20190823215101 22.7 966.3 50.7
20190823215201 22.7 966.2 50.6
20190823215302 22.7 966.3 50.6
20190823215402 22.7 966.2 50.6
20190823215502 22.7 966.3 50.6
20190823215601 22.7 966.3 50.5
20190823215701 22.7 966.2 50.6
20190823215802 22.7 966.2 50.6
20190823215901 22.7 966.3 50.6
20190823220001 22.7 966.2 50.6
20190823220101 22.7 966.2 50.6
20190823220201 22.7 966.3 50.7
20190823220301 22.7 966.2 50.6
20190823220401 22.7 966.2 50.5
20190823220501 22.7 966.2 50.6
20190823220601 22.7 966.2 50.6
20190823220701 22.7 966.2 50.6
20190823220801 22.7 966.2 50.6
20190823220901 22.7 966.2 50.7
20190823221001 22.7 966.2 50.6
20190823221101 22.7 966.2 50.6
20190823221201 22.7 966.2 50.8
20190823221301 22.7 966.2 50.6
20190823221401 22.7 966.2 50.7
20190823221501 22.7 966.2 50.7
20190823221601 22.7 966.2 50.9
20190823221701 22.7 966.2 50.5
20190823221801 22.7 966.2 50.6
20190823221901 22.7 966.2 50.7
20190823222001 22.7 966.2 50.7
20190823222101 22.7 966.1 50.7
20190823222201 22.7 966.2 50.7
20190823222301 22.7 966.1 50.7
20190823222401 22.7 966.1 50.7
20190823222501 22.7 966.1 50.6
20190823222601 22.7 966.1 50.6
20190823222701 22.7 966.1 50.7
20190823222801 22.7 966.1 50.7
20190823222901 22.7 966.0 50.7
20190823223001 22.7 966.0 50.7
20190823223101 22.7 966.0 50.7
20190823223201 22.7 966.0 50.7
20190823223301 22.7 966.0 50.7
20190823223401 22.7 966.0 50.7
20190823223501 22.7 966.0 50.7
20190823223601 22.7 966.0 50.7
20190823223701 22.7 966.0 50.7
20190823223801 22.7 966.0 50.8
20190823223901 22.7 966.0 50.7
20190823224001 22.7 966.0 50.7
20190823224101 22.7 966.0 50.9
20190823224201 22.7 966.0 50.7
20190823224301 22.7 966.0 50.7
20190823224401 22.7 965.9 50.7
20190823224501 22.7 965.9 50.7
20190823224601 22.7 965.9 50.7
20190823224701 22.7 965.9 50.7
20190823224801 22.7 966.0 50.5
20190823224901 22.7 965.9 50.7
20190823225001 22.7 965.9 50.7
20190823225101 22.7 965.9 50.7
20190823225201 22.7 965.9 50.7
20190823225301 22.7 965.9 50.7
20190823225401 22.7 965.9 50.7
20190823225501 22.7 965.9 50.7
20190823225601 22.7 965.9 50.7
20190823225701 22.7 965.8 50.7
20190823225801 22.7 965.8 50.7
20190823225901 22.7 965.8 50.7
20190823230001 22.7 965.8 50.7
20190823230101 22.7 965.8 50.7
20190823230201 22.7 965.8 50.7
20190823230301 22.7 965.8 50.7
20190823230401 22.7 965.8 50.7
20190823230501 22.7 965.8 50.7
20190823230601 22.7 965.7 50.7
20190823230701 22.7 965.8 50.7
20190823230801 22.7 965.7 50.7
20190823230901 22.7 965.8 50.6
20190823231001 22.7 965.7 50.7
20190823231101 22.7 965.7 50.7
20190823231201 22.7 965.8 50.7
20190823231301 22.7 965.7 50.7
20190823231401 22.7 965.7 50.7
20190823231501 22.7 965.7 50.7
20190823231601 22.7 965.6 50.7
20190823231701 22.7 965.7 50.7
20190823231801 22.7 965.7 50.8
20190823231901 22.7 965.7 50.8
20190823232001 22.7 965.6 50.8
20190823232101 22.7 965.7 50.8
20190823232201 22.6 965.6 50.7
20190823232301 22.7 965.7 50.8
20190823232401 22.7 965.7 50.8
20190823232501 22.7 965.6 50.8
20190823232601 22.7 965.7 50.8
20190823232701 22.7 965.6 50.9
20190823232801 22.7 965.6 50.8
20190823232901 22.6 965.6 50.8
20190823233001 22.7 965.5 50.8
20190823233101 22.6 965.5 50.8
20190823233201 22.6 965.5 50.8
20190823233301 22.7 965.5 50.8
20190823233401 22.6 965.5 50.8
20190823233502 22.6 965.5 50.8
20190823233602 22.6 965.5 50.8
20190823233702 22.6 965.4 50.8
20190823233802 22.6 965.4 50.8
20190823233902 22.6 965.4 50.8
20190823234002 22.6 965.4 50.8
20190823234102 22.6 965.4 50.8
20190823234202 22.6 965.4 50.8
20190823234302 22.6 965.4 50.8
20190823234402 22.6 965.4 50.8
20190823234502 22.6 965.4 50.8
20190823234602 22.6 965.4 50.8
20190823234702 22.6 965.4 50.7
20190823234802 22.6 965.4 50.8
20190823234902 22.6 965.4 50.8
20190823235002 22.6 965.4 50.8
20190823235102 22.6 965.4 50.8
20190823235202 22.6 965.4 50.8
20190823235302 22.6 965.3 50.8
20190823235402 22.6 965.3 50.8
20190823235502 22.6 965.4 50.7
20190823235602 22.6 965.4 50.8
20190823235702 22.6 965.4 50.8
20190823235802 22.6 965.4 50.8
20190823235902 22.6 965.3 50.9
20190824000002 22.6 965.3 50.8
20190824000102 22.6 965.3 51.0
20190824000202 22.6 965.3 50.9
20190824000302 22.6 965.4 50.9
20190824000402 22.6 965.3 50.8
20190824000502 22.6 965.4 50.9
20190824000602 22.6 965.3 50.8
20190824000702 22.6 965.3 50.9
20190824000802 22.6 965.3 50.9
20190824000902 22.6 965.3 50.9
20190824001002 22.6 965.3 50.9
20190824001102 22.6 965.2 50.9
20190824001202 22.6 965.2 50.9
20190824001302 22.6 965.3 50.9
20190824001402 22.6 965.2 50.9
20190824001502 22.6 965.2 50.9
20190824001602 22.6 965.2 50.9
20190824001702 22.6 965.2 50.9
20190824001802 22.6 965.2 50.9
20190824001902 22.6 965.2 50.8
20190824002002 22.6 965.2 50.9
20190824002102 22.6 965.1 50.7
20190824002202 22.6 965.2 50.9
20190824002302 22.6 965.1 51.0
20190824002402 22.6 965.1 50.9
20190824002502 22.6 965.1 50.9
20190824002602 22.6 965.1 50.9
20190824002702 22.6 965.1 50.9
20190824002802 22.6 965.1 50.9
20190824002902 22.6 965.2 50.9
20190824003002 22.5 965.1 50.9
20190824003102 22.5 965.1 50.9
20190824003202 22.5 965.1 50.9
20190824003302 22.5 965.2 50.9
20190824003402 22.5 965.2 50.9
20190824003502 22.5 965.2 50.9
20190824003602 22.5 965.1 51.0
20190824003702 22.5 965.1 50.9
20190824003802 22.5 965.1 51.0
20190824003902 22.5 965.1 51.0
20190824004002 22.5 965.1 51.0
20190824004102 22.5 965.1 51.0
20190824004202 22.5 965.1 51.0
20190824004302 22.5 965.1 51.0
20190824004402 22.5 965.1 50.9
20190824004502 22.5 965.1 51.0
20190824004602 22.5 965.1 51.0
20190824004702 22.5 965.0 50.9
20190824004802 22.5 965.1 50.8
20190824004902 22.5 965.0 51.0
20190824005002 22.5 965.0 51.0
20190824005102 22.5 965.0 51.0
20190824005202 22.5 965.0 51.0
20190824005302 22.5 965.0 50.9
20190824005401 22.5 965.0 51.0
20190824005502 22.5 965.0 51.0
20190824005602 22.5 965.0 51.0
20190824005702 22.5 965.0 50.9
20190824005802 22.5 965.0 51.0
20190824005902 22.5 965.0 51.0
20190824010002 22.5 965.0 51.0
20190824010102 22.5 965.0 51.0
20190824010202 22.5 965.0 51.0
20190824010302 22.5 965.0 51.0
20190824010402 22.5 965.1 50.9
20190824010502 22.5 965.0 51.0
20190824010602 22.5 965.0 51.0
20190824010702 22.5 965.0 51.0
20190824010801 22.5 965.0 51.0
20190824010901 22.5 965.1 51.1
20190824011001 22.5 965.0 51.0
20190824011101 22.5 964.9 51.0
20190824011201 22.5 965.0 51.0
20190824011301 22.4 965.0 51.0
20190824011401 22.4 965.0 51.0
20190824011501 22.4 965.0 50.9
20190824011601 22.4 965.0 51.0
20190824011701 22.4 964.9 51.0
20190824011801 22.4 964.9 51.0
20190824011901 22.4 964.9 51.0
20190824012001 22.4 965.0 51.0
20190824012101 22.4 965.0 51.1
20190824012201 22.4 964.9 51.0
20190824012301 22.4 965.0 51.1
20190824012401 22.4 965.0 51.1
20190824012501 22.4 965.0 51.1
20190824012601 22.4 964.9 50.9
20190824012701 22.4 965.0 51.2
20190824012802 22.4 965.0 51.1
20190824012901 22.4 965.0 51.1
20190824013001 22.4 965.0 51.1
20190824013101 22.4 965.0 51.1
20190824013201 22.4 964.9 51.1
20190824013301 22.4 964.9 51.1
20190824013401 22.4 964.9 51.1
20190824013501 22.4 964.9 51.1
20190824013601 22.4 964.9 51.1
20190824013701 22.4 964.9 51.1
20190824013801 22.4 964.9 51.1
20190824013901 22.4 964.8 51.1
20190824014001 22.4 964.9 51.2
20190824014101 22.4 964.9 51.1
20190824014201 22.4 964.9 51.1
20190824014301 22.4 964.9 51.1
20190824014401 22.4 964.9 51.1
20190824014501 22.4 964.9 51.1
20190824014601 22.4 964.9 51.1
20190824014701 22.4 964.9 51.2
20190824014801 22.4 964.9 51.0
20190824014901 22.4 964.8 51.1
20190824015001 22.4 964.8 51.1
20190824015101 22.4 964.8 51.1
20190824015201 22.4 964.8 51.1
20190824015301 22.4 964.8 51.1
20190824015401 22.4 964.8 51.1
20190824015501 22.4 964.8 51.1
20190824015601 22.4 964.8 51.1
20190824015701 22.4 964.8 51.1
20190824015801 22.4 964.8 51.1
20190824015901 22.4 964.7 51.1
20190824020001 22.4 964.8 51.1
20190824020101 22.4 964.7 51.1
20190824020201 22.4 964.7 51.1
20190824020301 22.4 964.7 51.1
20190824020401 22.4 964.7 51.1
20190824020501 22.4 964.7 51.4
20190824020601 22.4 964.7 51.1
20190824020701 22.4 964.7 51.2
20190824020801 22.4 964.7 51.1
20190824020901 22.4 964.7 51.1
20190824021001 22.4 964.7 51.1
20190824021101 22.4 964.6 51.1
20190824021201 22.4 964.6 51.1
20190824021301 22.4 964.6 51.1
20190824021401 22.4 964.6 51.1
20190824021501 22.4 964.6 51.1
20190824021601 22.4 964.6 51.1
20190824021701 22.4 964.6 51.4
20190824021801 22.4 964.6 51.1
20190824021901 22.4 964.5 51.1
20190824022001 22.4 964.6 51.1
20190824022101 22.3 964.6 51.1
20190824022201 22.4 964.6 51.1
20190824022301 22.3 964.5 51.1
20190824022401 22.3 964.5 51.1
20190824022501 22.3 964.6 51.1
20190824022601 22.3 964.6 51.1
20190824022701 22.4 964.6 51.1
20190824022801 22.3 964.6 51.1
20190824022901 22.3 964.6 51.1
20190824023001 22.3 964.6 51.1
20190824023101 22.3 964.5 51.1
20190824023201 22.3 964.5 51.1
20190824023301 22.3 964.5 51.1
20190824023401 22.3 964.5 51.1
20190824023501 22.3 964.4 51.3
20190824023601 22.3 964.5 51.1
20190824023701 22.3 964.5 51.1
20190824023801 22.3 964.5 51.1
20190824023901 22.3 964.5 51.1
20190824024001 22.3 964.4 51.1
20190824024101 22.3 964.5 51.1
20190824024201 22.3 964.5 51.2
20190824024301 22.3 964.4 51.2
20190824024401 22.3 964.4 51.1
20190824024501 22.3 964.5 51.1
20190824024601 22.3 964.4 51.1
20190824024701 22.3 964.4 51.2
20190824024801 22.3 964.4 51.2
20190824024901 22.3 964.4 51.2
20190824025001 22.3 964.4 51.2
20190824025101 22.3 964.4 51.2
20190824025201 22.3 964.4 51.2
20190824025301 22.3 964.5 51.2
20190824025401 22.3 964.4 51.2
20190824025501 22.3 964.4 51.2
20190824025601 22.3 964.5 51.2
20190824025701 22.3 964.4 51.1
20190824025801 22.3 964.4 51.3
20190824025901 22.3 964.4 51.2
20190824030001 22.3 964.4 51.2
20190824030101 22.3 964.4 51.2
20190824030201 22.3 964.5 51.1
20190824030301 22.3 964.4 51.2
20190824030401 22.3 964.4 51.2
20190824030501 22.3 964.4 51.2
20190824030601 22.3 964.4 51.2
20190824030701 22.3 964.3 51.2
20190824030801 22.3 964.3 51.2
20190824030901 22.3 964.3 51.1
20190824031001 22.3 964.3 51.3
20190824031101 22.3 964.3 51.2
20190824031201 22.3 964.3 51.2
20190824031301 22.3 964.3 51.0
20190824031401 22.2 964.3 51.2
20190824031501 22.2 964.2 51.2
20190824031601 22.2 964.3 51.2
20190824031701 22.2 964.3 51.2
20190824031801 22.3 964.3 51.2
20190824031901 22.3 964.3 51.2
20190824032001 22.2 964.3 51.2
20190824032101 22.2 964.3 51.2
20190824032201 22.2 964.2 51.1
20190824032301 22.2 964.2 51.2
20190824032401 22.2 964.2 51.2
20190824032501 22.2 964.3 51.2
20190824032601 22.2 964.2 51.3
20190824032701 22.2 964.3 51.2
20190824032801 22.2 964.3 51.2
20190824032901 22.2 964.3 51.2
20190824033001 22.2 964.3 51.2
20190824033101 22.2 964.2 51.5
20190824033201 22.2 964.3 51.2
20190824033301 22.2 964.3 51.3
20190824033401 22.2 964.3 51.3
20190824033501 22.2 964.3 51.2
20190824033601 22.2 964.2 51.3
20190824033701 22.2 964.3 51.4
20190824033801 22.2 964.3 51.3
20190824033901 22.2 964.3 51.3
20190824034001 22.2 964.3 51.2
20190824034101 22.2 964.3 51.3
20190824034202 22.2 964.3 51.3
20190824034302 22.2 964.2 51.3
20190824034402 22.2 964.3 51.3
20190824034502 22.2 964.2 51.1
20190824034602 22.2 964.2 51.3
20190824034702 22.2 964.2 51.4
20190824034802 22.2 964.2 51.3
20190824034902 22.2 964.2 51.3
20190824035002 22.2 964.2 51.3
20190824035102 22.2 964.2 51.3
20190824035202 22.2 964.3 51.3
20190824035302 22.2 964.2 51.3
20190824035402 22.2 964.2 51.3
20190824035502 22.2 964.2 51.3
20190824035602 22.2 964.2 51.3
20190824035702 22.2 964.2 51.3
20190824035802 22.2 964.2 51.3
20190824035902 22.2 964.2 51.3
20190824040002 22.2 964.2 51.3
20190824040102 22.2 964.2 51.3
20190824040202 22.2 964.2 51.3
20190824040302 22.2 964.2 51.3
20190824040402 22.2 964.2 51.3
20190824040502 22.2 964.2 51.3
20190824040601 22.2 964.2 51.3
20190824040701 22.2 964.2 51.3
20190824040802 22.2 964.2 51.3
20190824040902 22.2 964.2 51.3
20190824041002 22.2 964.2 51.3
20190824041102 22.2 964.3 51.3
20190824041202 22.2 964.3 51.3
20190824041302 22.2 964.2 51.3
20190824041402 22.2 964.2 51.4
20190824041502 22.2 964.3 51.3
20190824041602 22.2 964.2 51.3
20190824041702 22.1 964.2 51.3
20190824041802 22.1 964.3 51.3
20190824041902 22.2 964.2 51.3
20190824042002 22.2 964.2 51.4
20190824042102 22.2 964.2 51.3
20190824042202 22.2 964.2 51.3
20190824042302 22.1 964.2 51.4
20190824042402 22.1 964.2 51.3
20190824042502 22.1 964.2 51.4
20190824042602 22.1 964.2 51.4
20190824042702 22.1 964.2 51.4
20190824042802 22.1 964.1 51.4
20190824042902 22.1 964.2 51.4
20190824043002 22.1 964.2 51.4
20190824043102 22.1 964.2 51.3
20190824043202 22.1 964.2 51.4
20190824043302 22.1 964.2 51.4
20190824043402 22.1 964.2 51.4
20190824043502 22.1 964.2 51.4
20190824043602 22.1 964.2 51.2
20190824043702 22.1 964.2 51.3
20190824043802 22.1 964.2 51.4
20190824043902 22.1 964.2 51.4
20190824044002 22.1 964.2 51.4
20190824044102 22.1 964.2 51.4
20190824044202 22.1 964.2 51.4
20190824044302 22.1 964.1 51.4
20190824044402 22.1 964.2 51.4
20190824044502 22.1 964.2 51.4
20190824044602 22.1 964.2 51.4
20190824044702 22.1 964.2 51.4
20190824044802 22.1 964.2 51.4
20190824044902 22.1 964.2 51.4
20190824045002 22.1 964.1 51.4
20190824045102 22.1 964.2 51.4
20190824045202 22.1 964.1 51.4
20190824045302 22.1 964.2 51.4
20190824045402 22.1 964.1 51.4
20190824045502 22.1 964.1 51.4
20190824045602 22.1 964.1 51.4
20190824045702 22.1 964.1 51.4
20190824045802 22.1 964.1 51.4
20190824045902 22.1 964.1 51.4
20190824050002 22.1 964.1 51.4
20190824050102 22.1 964.1 51.4
20190824050202 22.1 964.1 51.4
20190824050302 22.1 964.1 51.4
20190824050402 22.1 964.1 51.4
20190824050502 22.1 964.0 51.4
20190824050602 22.1 964.1 51.4
20190824050702 22.1 964.0 51.4
20190824050802 22.1 964.1 51.4
20190824050902 22.1 964.1 51.4
20190824051002 22.1 964.0 51.3
20190824051102 22.1 964.1 51.4
20190824051202 22.1 964.0 51.4
20190824051302 22.1 964.1 51.4
20190824051402 22.1 964.0 51.4
20190824051502 22.1 964.0 51.5
20190824051602 22.1 964.1 51.4
20190824051702 22.1 964.1 51.4
20190824051802 22.1 964.1 51.4
20190824051902 22.1 964.1 51.5
20190824052002 22.1 964.0 51.4
20190824052102 22.1 964.1 51.4
20190824052202 22.1 964.0 51.6
20190824052302 22.1 964.0 51.4
20190824052402 22.1 964.0 51.4
20190824052502 22.1 964.1 51.4
20190824052602 22.1 964.1 51.4
20190824052702 22.1 964.1 51.4
20190824052802 22.1 964.1 51.5
20190824052902 22.1 964.1 51.3
20190824053002 22.1 964.1 51.4
20190824053102 22.1 964.1 51.5
20190824053202 22.1 964.1 51.5
20190824053302 22.1 964.2 51.5
20190824053402 22.1 964.1 51.5
20190824053501 22.1 964.1 51.5
20190824053601 22.1 964.1 51.5
20190824053701 22.1 964.1 51.5
20190824053801 22.1 964.2 51.5
20190824053901 22.1 964.0 51.5
20190824054001 22.1 964.2 51.5
20190824054101 22.1 964.1 51.5
20190824054201 22.1 964.1 51.5
20190824054301 22.0 964.1 51.5
20190824054401 22.1 964.1 51.7
20190824054501 22.0 964.1 51.5
20190824054601 22.0 964.1 51.5
20190824054701 22.1 964.1 51.5
20190824054801 22.0 964.1 51.5
20190824054901 22.0 964.1 51.6
20190824055001 22.0 964.1 51.5
20190824055101 22.0 964.1 51.5
20190824055201 22.0 964.1 51.5
20190824055301 22.0 964.1 51.5
20190824055401 22.0 964.1 51.5
20190824055501 22.0 964.1 51.5
20190824055601 22.0 964.0 51.4
20190824055701 22.0 964.0 51.5
20190824055801 22.0 964.0 51.5
20190824055901 22.0 964.0 51.5
20190824060001 22.0 964.0 51.5
20190824060101 22.0 964.0 51.3
20190824060201 22.0 964.0 51.5
20190824060301 22.0 964.0 51.5
20190824060401 22.0 964.1 51.5
20190824060501 22.0 964.1 51.5
20190824060601 22.0 964.0 51.6
20190824060701 22.0 964.0 51.5
20190824060801 22.0 964.0 51.5
20190824060901 22.0 964.0 51.5
20190824061001 22.0 964.0 51.5
20190824061101 22.0 964.0 51.8
20190824061201 22.0 964.0 51.5
20190824061301 22.0 964.0 51.4
20190824061401 22.0 963.9 51.5
20190824061501 22.0 964.0 51.5
20190824061601 22.0 964.0 51.5
20190824061701 22.0 964.0 51.5
20190824061801 22.0 964.0 51.5
20190824061901 22.0 964.0 51.5
20190824062001 22.0 964.0 51.5
20190824062101 22.0 964.0 51.5
20190824062201 22.0 964.0 51.5
20190824062301 22.0 964.0 51.5
20190824062401 22.0 964.0 51.5
20190824062501 22.0 964.1 51.5
20190824062601 22.0 964.0 51.5
20190824062701 22.0 964.0 51.5
20190824062801 22.0 964.0 51.5
20190824062901 22.0 964.0 51.5
20190824063001 22.0 964.0 51.4
20190824063101 22.0 964.0 51.4
20190824063201 22.0 964.0 51.4
20190824063301 22.0 964.1 51.4
20190824063401 22.1 964.0 51.4
20190824063501 22.1 964.0 51.4
20190824063601 22.1 964.0 51.4
20190824063701 22.1 964.0 51.4
20190824063801 22.1 964.0 51.4
20190824063902 22.1 964.0 51.5
20190824064002 22.1 964.0 51.4
20190824064102 22.1 964.0 51.3
20190824064202 22.1 964.0 51.3
20190824064302 22.1 964.0 51.3
20190824064402 22.1 964.0 51.2
20190824064502 22.1 964.0 51.3
20190824064602 22.1 964.0 51.3
20190824064702 22.1 964.0 51.2
20190824064802 22.1 964.0 51.5
20190824064902 22.1 964.0 51.2
20190824065002 22.2 964.0 51.2
20190824065102 22.2 963.9 51.1
20190824065202 22.2 964.0 51.1
20190824065302 22.2 964.0 51.1
20190824065401 22.2 963.9 51.0
20190824065501 22.2 963.9 51.0
20190824065601 22.2 963.9 50.9
20190824065701 22.3 963.9 50.9
20190824065801 22.3 963.9 50.8
20190824065901 22.3 964.0 50.8
20190824070001 22.3 964.0 50.8
20190824070101 22.3 963.9 50.7
20190824070201 22.4 963.9 50.7
20190824070301 22.4 963.9 50.6
20190824070401 22.4 964.0 50.6
20190824070501 22.4 963.9 50.6
20190824070601 22.4 963.9 50.5
20190824070701 22.4 963.9 50.5
20190824070801 22.5 963.9 50.4
20190824070901 22.5 964.0 50.4
20190824071001 22.5 964.0 50.4
20190824071101 22.5 963.9 50.2
20190824071201 22.5 964.0 50.2
20190824071301 22.6 963.9 50.2
20190824071401 22.6 963.9 50.2
20190824071501 22.6 964.0 50.1
20190824071601 22.6 964.0 50.1
20190824071701 22.6 963.9 50.1
20190824071801 22.6 963.9 49.9
20190824071901 22.6 964.0 50.1
20190824072001 22.6 964.0 50.3
20190824072101 22.7 963.9 50.1
20190824072201 22.7 964.0 50.3
20190824072302 22.8 963.9 50.1
20190824072402 22.8 963.9 49.9
20190824072502 22.8 963.9 49.9
20190824072602 22.9 963.9 49.9
20190824072702 22.9 964.0 49.9
20190824072802 23.0 964.0 49.9
20190824072902 23.0 963.9 49.8
20190824073002 23.1 964.0 49.7
20190824073102 23.1 964.0 49.7
20190824073202 23.1 964.0 49.7
20190824073302 23.2 964.0 49.6
20190824073402 23.2 964.0 49.5
20190824073501 23.3 964.0 49.5