
20190821150955 0
20190821151013 9773
20190821151203 0
20190821151303 0
20190821151403 0
20190821151503 0
20190821151603 0
20190821151703 0
20190821151803 0
20190821151903 0
20190821152003 0
20190821152103 0
20190821152203 0
20190821152303 0
20190821152403 0
20190821152503 3
20190821152736 3
20190821152736 3
20190821152803 4
20190821152903 3
20190821153003 3
20190821153103 3
20190821153203 3
20190821153303 3
20190821153403 3
20190821153503 3
20190821153603 3
20190821153703 3
20190821153803 3
20190821153903 3
20190821154003 3
20190821154103 3
20190821154203 3
20190821154303 3
20190821154403 3
20190821154503 3
20190821154603 1381
20190821154703 990
20190821154803 4
20190821154903 4
20190821155003 3
20190821155103 4
20190821155214 3
20190821155304 3
20190821155403 3
20190821155503 3
20190821155603 3
20190821155703 4
20190821155803 3
20190821155903 3
20190821160003 3
20190821160103 3
20190821160203 4
20190821160303 3
20190821160403 4
20190821160503 4
20190821160603 4
20190821160703 3
20190821160803 3
20190821160903 3
20190821161003 3
20190821161103 4
20190821161203 3
20190821161303 3
20190821161403 4
20190821161503 3
20190821161603 4
20190821161703 3
20190821161803 -2
20190821161903 -2
20190821162003 -2
20190821162103 -2
20190821162203 -2
20190821162303 -2
20190821162403 -2
20190821162503 -2
20190821162603 -1
20190821162703 -1
20190821162803 -2
20190821162903 -1
20190821163003 -2
20190821163103 -2
20190821163203 38
20190821163303 38
20190821163403 38
20190821163503 38
20190821163603 38
20190821163703 38
20190821163803 38
20190821163903 37
20190821164003 38
20190821164103 38
20190821164203 38
20190821164303 37
20190821164403 37
20190821164503 37
20190821164603 37
20190821164703 37
20190821164803 37
20190821164903 37
20190821165003 37
20190821165103 37
20190821165203 37
20190821165303 37
20190821165403 37
20190821165503 37
20190821165603 1391
20190821165703 1217
20190821165803 37
20190821165903 37
20190821170003 35
20190821170103 196
20190821170203 37
20190821170303 38
20190821170403 38
20190821170503 38
20190821170603 38
20190821170703 37
20190821170803 37
20190821170903 37
20190821171003 38
20190821171103 38
20190821171203 38
20190821171303 38
20190821171403 38
20190821171503 37
20190821171603 38
20190821171703 38
20190821171803 38
20190821171903 38
20190821172003 38
20190821172103 38
20190821172203 38
20190821172303 38
20190821172403 37
20190821172503 37
20190821172603 38
20190821172703 38
20190821172803 38
20190821172903 38
20190821173003 38
20190821173103 38
20190821173203 37
20190821173303 38
20190821173403 38
20190821173503 38
20190821173603 38
20190821173703 38
20190821173803 38
20190821173903 2354
20190821174003 35
20190821174103 35
20190821174203 35
20190821174303 38
20190821174403 38
20190821174503 38
20190821174603 38
20190821174703 38
20190821174803 38
20190821174904 38
20190821175004 38
20190821175104 38
20190821175203 37
20190821175303 38
20190821175403 38
20190821175503 38
20190822124259 -457
20190822124302 -465
20190822124302 -466
20190822124403 -499
20190822124503 -498
20190822124603 -498
20190822124704 -454
20190823162533 -507
20190823162603 -507