
20190821165505 -9.414384 -2.432049 -3.648074
20190821165506 -9.453611 -2.510502 -3.569621
20190821165507 -9.453611 -2.471276 -3.569621
20190821165508 -9.453611 -2.471276 -3.530394
20190821165509 -9.453611 -2.471276 -3.569621
20190821165510 -9.453611 -2.510502 -3.530394
20190821165511 -5.687857 -1.372931 -8.041453
20190821165512 -0.980665 1.608291 -10.395049
20190821165513 -0.274586 0.039227 -10.081236
20190821165514 -5.609404 -1.412158 13.180138
20190821165515 -0.196133 0.039227 10.708862
20190821165516 -0.313813 0.000000 9.728197
20190821165517 -0.392266 0.078453 9.806650
20190821165518 -0.313813 0.039227 9.610517
20190821165519 -0.313813 0.039227 9.453611
20190821165520 -0.274586 0.156906 9.610517
20190821165521 -0.313813 0.078453 9.610517
20190821165522 -0.313813 0.078453 9.610517
20190821165523 -0.392266 0.078453 9.649744
20190821165524 -0.313813 0.078453 9.649744
20190821165525 -0.313813 0.078453 9.610517
20190821165526 -0.313813 0.039227 9.610517
20190821165527 -0.353039 0.039227 9.649744
20190821165528 -0.353039 0.078453 9.649744
20190821165529 -0.353039 0.078453 9.610517
20190821165530 -0.274586 0.117680 9.610517
20190821165531 -0.313813 0.039227 9.532064
20190821165532 -0.235360 0.039227 9.532064
20190821165533 -0.313813 0.078453 9.649744
20190821165534 -0.313813 0.078453 9.610517
20190821165535 -0.353039 0.078453 9.571290
20190821165536 -0.039227 0.980665 9.571290
20190821165537 -0.078453 1.529837 9.453611
20190821165538 -0.078453 1.647517 9.453611
20190821165539 -0.274586 0.039227 10.042010
20190821165540 -1.882877 -0.196133 11.140354
20190821165541 -6.707749 -7.727640 1.804424
20190821165542 -3.177355 -9.963556 0.784532
20190821165543 -0.392266 -10.081236 0.313813
20190821165544 -0.117680 -10.120463 0.196133
20190821165545 -0.039227 -10.120463 0.235360
20190821165546 -0.039227 -10.081236 0.078453
20190821165547 -0.039227 -10.081236 0.000000
20190821165548 0.039227 -10.081236 0.000000
20190821165549 0.000000 -10.120463 -0.078453
20190821165550 0.000000 -10.159689 -0.078453
20190821165551 0.039227 -10.120463 -0.156906
20190821165552 0.000000 -10.081236 -0.156906
20190821165553 0.000000 -10.120463 -0.117680
20190821165554 0.000000 -10.081236 -0.156906
20190821165555 0.039227 -10.120463 -0.353039
20190821165556 0.039227 -10.081236 -0.353039
20190821165557 0.000000 -10.120463 -0.313813
20190821165558 0.000000 -10.081236 -0.274586
20190821165559 0.000000 -10.081236 -0.313813
20190821165600 0.000000 -10.081236 -0.313813
20190821165601 0.000000 -10.081236 -0.313813
20190821165602 0.000000 -10.120463 -0.313813
20190821165603 0.000000 -10.081236 -0.353039
20190821165604 0.000000 -10.120463 -0.313813
20190821165605 0.000000 -10.081236 -0.313813
20190821165606 0.000000 -10.120463 -0.431493
20190821165607 0.000000 -10.081236 -0.431493
20190821165608 0.000000 -10.081236 -0.470719
20190821165609 0.000000 -10.081236 -0.431493
20190821165610 0.000000 -10.120463 -0.392266
20190821165611 -1.804424 -10.198916 3.138128
20190821165612 -0.313813 -1.019892 9.845877
20190821165613 -0.235360 0.078453 9.492837
20190821165614 -0.313813 0.078453 9.414384
20190821165615 -0.313813 0.117680 9.532064
20190821165616 -0.353039 0.078453 9.492837
20190821165617 -0.980665 -0.039227 9.453611
20190821165618 -0.313813 0.078453 9.532064
20190821165619 -0.274586 0.078453 9.571290
20190821165620 -0.039227 -0.470719 9.728197
20190821165621 -4.550286 9.257478 -0.196133
20190821165622 -0.353039 10.395049 0.431493
20190821165623 -0.156906 10.316596 0.353039
20190821165624 -0.235360 10.277369 0.235360
20190821165625 -0.196133 10.316596 0.196133
20190821165626 -0.235360 10.355822 0.196133
20190821165627 -0.235360 10.316596 0.235360
20190821165628 -0.235360 10.355822 0.156906
20190821165629 -0.235360 10.277369 0.156906
20190821165630 -0.235360 10.316596 0.196133
20190821165631 -0.235360 10.355822 0.156906
20190821165632 -0.196133 10.277369 0.196133
20190821165633 -0.196133 10.355822 0.156906
20190821165634 -1.412158 9.100571 2.353596
20190821165635 0.196133 2.785089 9.767423
20190821165636 -0.235360 -0.470719 9.845877
20190821165637 -0.313813 0.039227 9.767423
20190821165638 -0.353039 0.039227 9.688970
20190821165639 -0.313813 0.078453 9.688970
20190821165640 -0.313813 0.078453 9.649744
20190821165641 -0.313813 0.039227 9.610517
20190821165642 -0.274586 0.039227 9.571290
20190821165643 -0.313813 0.078453 9.571290
20190821165644 1.294478 0.745305 9.179024
20190821165645 -0.353039 -0.039227 9.688970
20190821165646 -8.904438 -0.784532 5.099458
20190821165647 -10.277369 0.156906 -0.078453
20190821165648 -10.277369 0.039227 -0.156906
20190821165649 -10.277369 0.039227 -0.235360
20190821165650 -10.277369 0.039227 -0.235360
20190821165651 -10.316596 0.862985 -1.922103
20190821165652 -10.198916 0.039227 -0.392266
20190821165653 -10.081236 -0.039227 -1.922103
20190821165654 -10.198916 0.117680 -1.176798
20190821165655 -10.277369 0.078453 -0.666852
20190821165656 -10.316596 0.078453 -0.549172
20190821165657 -10.316596 0.117680 -0.353039
20190821165658 -10.277369 0.039227 -0.470719
20190821165659 -10.277369 0.078453 -0.039227
20190821165700 -10.238143 0.078453 0.039227
20190821165701 -10.316596 0.039227 -0.039227
20190821165702 -10.277369 0.078453 -0.431493
20190821165703 -10.277369 0.078453 -0.509946
20190821165704 -10.238143 0.078453 -0.431493
20190821165705 -10.277369 0.117680 -0.392266
20190821165706 -10.316596 0.078453 -0.274586
20190821165707 -10.238143 0.078453 -0.313813
20190821165708 -10.277369 0.078453 -0.274586
20190821165709 -10.316596 0.078453 -0.235360
20190821165710 -10.238143 0.117680 -0.353039
20190821165711 -10.277369 0.078453 -0.313813
20190821165712 -10.277369 0.156906 -0.313813
20190821165713 -10.238143 0.078453 -0.313813
20190821165714 -10.277369 0.117680 -0.117680
20190821165715 -10.316596 0.117680 -0.313813
20190821165716 -10.238143 0.078453 -0.235360
20190821165717 -10.277369 0.117680 -0.274586
20190821165718 -10.238143 0.078453 -0.274586
20190821165719 -10.277369 0.078453 -0.274586
20190821165720 -10.159689 -0.902212 -1.922103
20190821165721 -9.571290 -0.941438 -3.726527
20190821165722 -9.375157 -1.019892 -4.236473
20190821165723 -9.218251 -1.216025 -4.471832
20190821165724 -9.100571 -1.255251 -4.864098
20190821165725 -8.982891 -1.333704 -4.981778
20190821165726 -8.865212 -1.294478 -5.177911
20190821165727 -8.747532 -1.333704 -5.256364
20190821165728 -8.708305 -1.451384 -5.413271
20190821165729 -8.590625 -1.490611 -5.530951
20190821165730 -8.472946 -1.529837 -5.570177
20190821165731 -8.433719 -1.529837 -5.648630
20190821165732 -8.394492 -1.569064 -5.766310
20190821165733 -8.355266 -1.608291 -5.844763
20190821165734 -8.276813 -1.647517 -5.883990
20190821165735 -8.237586 -1.647517 -5.923217
20190821165736 -8.198359 -1.647517 -6.040896
20190821165737 -8.198359 -1.686744 -6.040896
20190821165738 -8.159133 -1.686744 -6.119350
20190821165740 -8.080680 -1.686744 -6.158576
20190821165741 -8.080680 -1.725970 -6.158576
20190821165742 -8.002226 -1.765197 -6.237029
20190821165743 -7.963000 -1.804424 -6.237029
20190821165744 -7.923773 -1.843650 -6.315483
20190821165745 -7.923773 -1.765197 -6.354709
20190821165746 -7.845320 -1.804424 -6.354709
20190821165747 -7.884547 -1.804424 -6.472389
20190821165748 -7.845320 -1.843650 -6.433162
20190821165749 -7.766867 -1.843650 -6.433162
20190821165750 -7.766867 -1.843650 -6.511616
20190821165751 -7.727640 -1.882877 -6.550842
20190821165752 -7.766867 -1.843650 -6.511616
20190821165753 -7.649187 -1.882877 -6.590069
20190821165754 -7.649187 -1.882877 -6.590069
20190821165755 -7.609960 -1.882877 -6.590069
20190821165756 -7.609960 -1.882877 -6.668522
20190821165757 -7.649187 -1.922103 -6.629295
20190821165758 -7.570734 -1.882877 -6.707749
20190821165759 -7.570734 -1.882877 -6.707749
20190821165800 -7.531507 -1.922103 -6.746975
20190821165801 -7.531507 -1.961330 -6.746975
20190821165802 -7.531507 -1.922103 -6.786202
20190821165803 -7.492281 -1.961330 -6.825428
20190821165804 -7.531507 -2.000557 -6.825428
20190821165805 -7.492281 -1.961330 -6.864655
20190821165806 -7.492281 -1.922103 -6.903882
20190821165807 -7.492281 -1.961330 -6.864655
20190821165808 -7.453054 -1.961330 -6.825428
20190821165809 -7.492281 -1.961330 -6.864655
20190821165810 -7.413827 -1.961330 -6.943108
20190821165811 -7.453054 -1.961330 -6.903882
20190821165812 -7.413827 -1.961330 -6.943108
20190821165813 -7.413827 -1.961330 -6.982335
20190821165814 -7.413827 -2.000557 -6.982335
20190821165815 -7.374601 -2.000557 -6.943108
20190821165816 -7.335374 -2.000557 -6.982335
20190821165817 -7.335374 -2.000557 -6.982335
20190821165818 -7.335374 -1.961330 -7.021561
20190821165819 -7.374601 -2.039783 -7.060788
20190821165820 -7.335374 -2.039783 -7.021561
20190821165821 -7.335374 -2.000557 -7.021561
20190821165822 -7.335374 -2.000557 -7.060788
20190821165823 -7.217694 -2.000557 -7.060788
20190821165824 -7.256921 -2.039783 -7.100015
20190821165825 -7.256921 -2.079010 -7.100015
20190821165826 -7.178468 -2.000557 -7.100015
20190821165827 -7.217694 -2.079010 -7.139241
20190821165828 -7.217694 -2.039783 -7.139241
20190821165829 -7.178468 -2.039783 -7.100015
20190821165830 -7.217694 -2.039783 -7.139241
20190821165831 -7.217694 -2.039783 -7.178468
20190821165832 -7.178468 -2.079010 -7.139241
20190821165833 -7.139241 -2.079010 -7.178468
20190821165834 -7.178468 -2.039783 -7.178468
20190821165835 -7.139241 -2.039783 -7.178468
20190821165836 -7.139241 -2.039783 -7.178468
20190821165837 -7.139241 -2.079010 -7.217694
20190821165838 -7.139241 -2.039783 -7.178468
20190821165839 -7.100015 -2.118236 -7.256921
20190821165840 -7.100015 -2.039783 -7.178468
20190821165841 -7.100015 -2.079010 -7.217694
20190821165842 -7.100015 -2.118236 -7.256921
20190821165843 -7.100015 -2.079010 -7.217694
20190821165844 -7.060788 -2.079010 -7.256921
20190821165845 -7.060788 -2.079010 -7.256921
20190821165846 -7.060788 -2.079010 -7.256921
20190821165847 -7.021561 -2.118236 -7.256921
20190821165848 -7.060788 -2.079010 -7.178468
20190821165849 -7.021561 -2.079010 -7.296148
20190821165850 -6.982335 -2.157463 -7.296148
20190821165851 -7.021561 -2.118236 -7.296148
20190821165852 -6.982335 -2.079010 -7.256921
20190821165853 -6.982335 -2.079010 -7.335374
20190821165854 -6.982335 -2.079010 -7.335374
20190821165855 -6.982335 -2.118236 -7.374601
20190821165856 -6.943108 -2.118236 -7.335374
20190821165857 -6.943108 -2.157463 -7.374601
20190821165858 -6.982335 -2.079010 -7.374601
20190821165859 -6.943108 -2.079010 -7.335374
20190821165900 -6.943108 -2.157463 -7.296148
20190821165901 -6.943108 -2.157463 -7.335374
20190821165902 -6.943108 -2.079010 -7.335374
20190821165903 -6.943108 -2.157463 -7.413827
20190821165904 -6.943108 -2.079010 -7.335374
20190821165905 -6.943108 -2.079010 -7.374601
20190821165906 -6.903882 -2.118236 -7.374601
20190821165907 -6.903882 -2.118236 -7.413827
20190821165908 -6.903882 -2.157463 -6.982335
20190821165909 -6.903882 -2.118236 -7.374601
20190821165910 -6.903882 -2.118236 -7.413827
20190821165911 -6.864655 -2.157463 -7.374601
20190821165912 -6.903882 -2.118236 -7.413827
20190821165913 -6.864655 -2.118236 -7.413827
20190821165914 -6.864655 -2.118236 -7.413827
20190821165915 -6.903882 -2.157463 -7.374601
20190821165916 -6.864655 -2.118236 -7.413827
20190821165917 -6.864655 -2.157463 -7.413827
20190821165918 -6.903882 -2.118236 -7.453054
20190821165919 -6.825428 -2.157463 -7.335374
20190821165920 -6.864655 -2.157463 -7.413827
20190821165921 -6.864655 -2.157463 -7.453054
20190821165922 -6.825428 -2.118236 -7.374601
20190821165923 -6.825428 -2.157463 -7.413827
20190821165924 -6.864655 -2.157463 -7.453054
20190821165925 -6.825428 -2.157463 -7.413827
20190821165926 -6.825428 -2.118236 -7.453054
20190821165927 -6.864655 -2.157463 -7.492281
20190821165928 -6.864655 -2.118236 -7.413827
20190821165929 -6.825428 -2.157463 -7.413827
20190821165930 -6.825428 -2.157463 -7.453054
20190821165931 -6.825428 -2.157463 -7.413827
20190821165932 -6.864655 -2.157463 -7.374601
20190821165933 -6.825428 -2.157463 -7.413827
20190821165934 -6.864655 -2.118236 -7.413827
20190821165935 -6.825428 -2.079010 -7.453054
20190821165936 -6.864655 -2.118236 -7.453054
20190821165937 -6.864655 -2.157463 -7.413827
20190821165938 -6.864655 -2.118236 -7.374601
20190821165939 -6.786202 -1.882877 8.865212
20190821165940 1.098345 1.019892 10.591182
20190821165941 -0.235360 0.039227 10.434276
20190821165942 -0.235360 0.000000 10.002783
20190821165943 -0.313813 0.039227 10.277369
20190821165944 -0.274586 0.078453 10.081236
20190821165945 -0.313813 0.078453 10.198916
20190821165946 -0.274586 0.078453 10.081236
20190821165947 -0.274586 0.039227 10.081236
20190821165948 -0.353039 0.078453 10.042010
20190821165949 -0.313813 0.078453 10.042010
20190821165950 -0.274586 0.078453 9.963556
20190821165951 -0.353039 0.078453 9.963556
20190821165952 -0.353039 0.117680 10.002783
20190821165953 -0.353039 0.117680 9.963556
20190821165954 -0.313813 0.117680 9.924330
20190821165955 -0.313813 0.078453 9.885103
20190821165956 -0.313813 0.039227 9.924330
20190821165957 -0.274586 0.078453 9.924330
20190821165958 -1.451384 0.706079 9.610517
20190821165959 -2.510502 1.255251 10.551955
20190821170000 -2.510502 2.471276 9.257478
20190821170001 3.726527 7.688414 3.020448
20190821170002 3.569621 8.943665 -4.001113
20190821170003 6.119350 8.002226 -0.588399
20190821170004 0.196133 1.804424 9.924330
20190821170005 -0.509946 5.413271 7.609960
20190821170006 0.823759 3.138128 9.100571
20190821170007 0.627626 2.863542 9.296704
20190821170008 0.549172 2.392823 9.375157
20190821170009 0.588399 2.549729 9.257478
20190821170010 1.216025 2.785089 9.492837
20190821170011 1.412158 3.138128 9.061345
20190821170012 -0.902212 2.745862 8.865212
20190821170013 -1.529837 1.490611 9.728197
20190821170014 -4.118793 1.725970 9.963556
20190821170015 -1.490611 4.314926 7.688414
20190821170016 -1.451384 -0.549172 10.002783
20190821170017 -1.176798 3.765754 10.748088
20190821170018 -2.157463 -1.569064 10.002783
20190821170019 -0.980665 0.313813 9.963556
20190821170020 2.079010 -0.823759 8.551399
20190821170021 0.745305 -1.255251 8.943665
20190821170022 -0.078453 -0.313813 10.277369
20190821170023 0.470719 -0.902212 10.473502
20190821170024 -0.117680 0.000000 9.845877
20190821170025 -0.078453 0.117680 9.688970
20190821170026 -0.156906 0.039227 9.649744
20190821170027 -0.156906 0.196133 9.688970
20190821170028 -0.117680 0.078453 9.845877
20190821170029 -0.078453 0.117680 9.767423
20190821170030 -0.117680 0.117680 9.806650
20190821170031 -0.117680 0.117680 9.806650
20190821170032 -0.078453 0.117680 9.767423
20190821170033 -0.117680 0.078453 9.767423
20190821170034 -0.078453 0.117680 9.728197
20190821170035 -0.078453 0.117680 9.767423
20190821170036 -0.117680 0.117680 9.767423
20190821170037 -0.117680 0.039227 9.767423
20190821170038 -0.078453 0.117680 9.767423
20190821170039 0.117680 0.196133 9.610517
20190821170040 -0.588399 -8.355266 5.727084
20190821170041 0.000000 -10.120463 -0.156906
20190821170042 0.117680 -10.081236 0.156906
20190821170043 0.039227 -10.042010 0.117680
20190821170044 0.039227 -10.081236 -0.196133
20190821170045 0.039227 -10.081236 -0.156906
20190821170046 0.039227 -10.081236 -0.117680
20190821170047 0.039227 -10.042010 -0.196133
20190821170048 0.039227 -10.042010 -0.235360
20190821170049 0.039227 -10.081236 -0.235360
20190821170050 0.196133 -10.081236 -0.313813
20190821170051 0.235360 -10.081236 -0.313813
20190821170052 0.235360 -10.081236 -0.235360
20190821170053 0.235360 -10.081236 -0.196133
20190821170054 -0.353039 -5.727084 8.002226
20190821170055 -0.274586 0.039227 10.081236
20190821170056 -0.039227 0.039227 9.688970
20190821170057 -1.686744 -2.118236 9.571290
20190821170058 0.039227 -0.706079 10.002783
20190821170059 -0.549172 1.059118 10.630409
20190821170100 -0.706079 0.274586 9.257478
20190821170101 -0.196133 1.059118 9.571290
20190821170102 -0.392266 10.395049 -0.039227
20190821170103 0.862985 10.198916 1.019892
20190821170104 0.000000 10.277369 -0.078453
20190821170105 0.000000 10.277369 -0.078453
20190821170106 0.000000 10.316596 -0.196133
20190821170107 0.000000 10.316596 -0.196133
20190821170108 0.039227 10.277369 0.000000
20190821170109 -0.784532 9.845877 0.392266
20190821170110 1.412158 -3.726527 7.806093
20190821170111 0.196133 -10.120463 2.235916
20190821170112 -0.078453 -10.002783 1.216025
20190821170113 -0.078453 -10.042010 0.784532
20190821170114 -0.156906 -10.042010 0.784532
20190821170115 1.294478 -7.688414 6.158576
20190821170116 0.078453 -1.019892 9.532064
20190821170117 -0.274586 8.237586 5.844763
20190821170118 -10.473502 1.804424 0.274586
20190821170119 -10.198916 0.627626 -0.117680
20190821170120 -10.277369 0.156906 0.000000
20190821170121 -10.277369 0.196133 0.000000
20190821170122 -10.316596 0.235360 -0.078453
20190821170123 -7.806093 1.882877 4.824872
20190821170124 9.885103 -1.333704 0.509946
20190821170125 9.924330 -0.353039 -0.706079
20190821170126 9.924330 -0.274586 -0.706079
20190821170127 9.963556 -0.235360 -0.823759
20190821170128 9.963556 -0.196133 -0.823759
20190821170129 10.081236 -0.509946 1.569064
20190821170130 -0.235360 0.039227 9.218251
20190821170131 -0.156906 0.039227 9.649744
20190821170132 -0.235360 0.039227 9.649744
20190821170133 -0.235360 0.039227 9.728197
20190821170134 -0.196133 0.039227 9.688970
20190821170135 -0.196133 0.000000 9.688970
20190821170136 -0.235360 0.039227 9.688970
20190821170137 -0.156906 0.000000 9.649744
20190821170138 -0.274586 0.039227 9.688970
20190821170139 -0.235360 0.039227 9.649744
20190821170140 -0.235360 0.039227 9.649744
20190821170141 -0.156906 0.000000 9.728197
20190821170142 -0.196133 0.000000 9.688970
20190821170143 -0.196133 0.000000 9.688970
20190821170144 -0.235360 0.039227 9.610517
20190821170145 -0.196133 0.039227 9.688970
20190821170146 -0.156906 0.039227 9.649744
20190821170147 -0.196133 0.000000 9.688970
20190821170148 -0.196133 0.000000 9.649744
20190821170149 -0.156906 0.000000 9.649744
20190821170150 -0.196133 0.039227 9.610517
20190821170151 -4.903325 0.274586 8.355266
20190821170152 -7.649187 -0.078453 6.786202
20190821170153 -8.041453 -0.039227 5.766310
20190821170154 -8.629852 -0.078453 5.060231
20190821170156 -9.022118 -0.078453 4.471832
20190821170157 -9.296704 -0.156906 3.922660
20190821170158 -9.257478 -0.235360 3.648074
20190821170159 -9.532064 -0.235360 3.295034
20190821170200 -9.649744 -0.313813 3.059675
20190821170201 -9.688970 -0.353039 2.706635
20190821170202 -9.845877 -0.392266 2.549729
20190821170203 -9.924330 -0.470719 2.235916
20190821170204 -10.002783 -0.431493 2.039783
20190821170205 -10.042010 -0.431493 1.765197
20190821170206 -10.042010 -0.470719 1.529837
20190821170207 -10.120463 -0.470719 1.333704
20190821170208 -10.120463 -0.509946 1.137571
20190821170209 -10.159689 -0.509946 0.980665
20190821170210 -10.120463 -0.509946 0.862985
20190821170211 -10.159689 -0.509946 0.784532
20190821170212 -10.159689 -0.588399 0.627626
20190821170213 -10.198916 -0.588399 0.470719
20190821170214 -10.198916 -0.588399 0.353039
20190821170215 -10.238143 -0.666852 0.196133
20190821170216 -10.238143 -0.627626 0.039227
20190821170217 -10.198916 -0.706079 -0.039227
20190821170218 -10.238143 -0.627626 -0.078453
20190821170219 -10.238143 -0.627626 -0.235360
20190821170220 -10.238143 -0.666852 -0.392266
20190821170221 -10.159689 -0.666852 -0.196133
20190821170222 -10.198916 -0.706079 -0.470719
20190821170223 -10.238143 -0.706079 -0.627626
20190821170224 -10.198916 -0.745305 -0.706079
20190821170225 -10.238143 -0.706079 -0.666852
20190821170226 -10.277369 -0.706079 -0.862985
20190821170227 -10.198916 -0.706079 -0.941438
20190821170228 -10.198916 -0.745305 -1.019892
20190821170229 -10.198916 -0.745305 -1.019892
20190821170230 -10.198916 -0.745305 -1.216025
20190821170231 -10.159689 -0.823759 -1.255251
20190821170232 -10.159689 -0.823759 -1.294478
20190821170233 -10.159689 -0.784532 -1.490611
20190821170234 -10.198916 -0.823759 -1.451384
20190821170235 -10.198916 -0.823759 -1.569064
20190821170236 -10.159689 -0.823759 -1.647517
20190821170237 -10.159689 -0.823759 -1.725970
20190821170238 -10.159689 -0.862985 -1.804424
20190821170239 -10.159689 -0.823759 -1.843650
20190821170240 -10.120463 -0.902212 -1.922103
20190821170241 -10.120463 -0.862985 -2.000557
20190821170242 -10.081236 -0.823759 -2.039783
20190821170243 -10.198916 -1.098345 -0.706079
20190821170244 -10.159689 -1.294478 -0.196133
20190821170245 -10.159689 -1.255251 -0.039227
20190821170246 -10.120463 -1.294478 0.000000
20190821170247 -10.159689 -1.372931 0.117680
20190821170248 -10.159689 -1.412158 0.156906
20190821170249 -10.120463 -1.372931 0.156906
20190821170250 -10.120463 -1.412158 0.235360
20190821170251 -10.198916 -1.372931 0.274586
20190821170252 -10.159689 -1.412158 0.274586
20190821170253 -10.120463 -1.372931 0.313813
20190821170254 -10.120463 -1.451384 0.313813
20190821170255 -10.120463 -1.490611 0.274586
20190821170256 -10.120463 -1.412158 0.353039
20190821170257 -10.120463 -1.451384 0.313813
20190821170258 -10.159689 -1.451384 0.313813
20190821170259 -10.081236 -1.529837 0.353039
20190821170300 -10.081236 -1.490611 0.353039
20190821170301 -10.081236 -1.529837 0.353039
20190821170302 -10.081236 -1.490611 0.353039
20190821170303 -10.120463 -1.490611 0.392266
20190821170304 -10.120463 -1.529837 0.353039
20190821170305 -10.081236 -1.529837 0.353039
20190821170306 -10.120463 -1.529837 0.431493
20190821170307 -10.120463 -1.569064 0.353039
20190821170308 -10.120463 -1.569064 0.392266
20190821170309 -10.120463 -1.529837 0.392266
20190821170310 -10.081236 -1.569064 0.353039
20190821170311 -10.081236 -1.569064 0.392266
20190821170312 -10.120463 -1.529837 0.392266
20190821170313 -10.198916 -1.569064 0.235360
20190821170314 -10.159689 -1.569064 0.313813
20190821170315 -10.120463 -1.569064 0.313813
20190821170316 -10.081236 -1.569064 0.313813
20190821170317 -10.081236 -1.569064 0.274586
20190821170318 -10.120463 -1.569064 0.313813
20190821170319 -10.120463 -1.569064 0.353039
20190821170320 -10.120463 -1.569064 0.313813
20190821170321 -10.120463 -1.569064 0.392266
20190821170322 -10.081236 -1.608291 0.313813
20190821170323 -10.120463 -1.529837 0.313813
20190821170324 -10.159689 -1.569064 0.313813
20190821170325 -10.081236 -1.608291 0.274586
20190821170326 -10.042010 -1.569064 0.353039
20190821170327 -10.081236 -1.608291 0.313813
20190821170328 -10.081236 -1.608291 0.274586
20190821170329 -10.120463 -1.569064 0.313813
20190821170330 -10.081236 -1.608291 0.313813
20190821170331 -10.159689 -1.608291 0.235360
20190821170332 -10.120463 -1.608291 0.313813
20190821170333 -10.120463 -1.647517 0.235360
20190821170334 -10.081236 -1.647517 0.235360
20190821170335 -10.159689 -1.569064 0.235360
20190821170336 -10.120463 -1.647517 0.274586
20190821170337 -10.120463 -1.608291 0.274586
20190821170338 -10.081236 -1.608291 0.274586
20190821170339 -10.120463 -1.608291 0.235360
20190821170340 -10.081236 -1.608291 0.235360
20190821170341 -10.081236 -1.608291 0.274586
20190821170342 -10.120463 -1.647517 0.235360
20190821170343 -10.081236 -1.647517 0.235360
20190821170344 -10.081236 -1.608291 0.196133
20190821170345 -10.081236 -1.686744 0.196133
20190821170346 -10.120463 -1.608291 0.235360
20190821170347 -10.081236 -1.647517 0.196133
20190821170348 -10.081236 -1.647517 0.196133
20190821170349 -10.120463 -1.686744 0.235360
20190821170350 -10.081236 -1.647517 0.156906
20190821170351 -10.120463 -1.608291 0.235360
20190821170352 -10.120463 -1.686744 0.196133
20190821170353 -10.120463 -1.647517 0.196133
20190821170354 -10.081236 -1.647517 0.196133
20190821170355 -10.081236 -1.647517 0.156906
20190821170356 -10.120463 -1.686744 0.117680
20190821170357 -10.120463 -1.686744 0.117680
20190821170358 -10.120463 -1.647517 0.117680
20190821170359 -10.081236 -1.686744 0.156906
20190821170400 -10.120463 -1.647517 0.117680
20190821170401 -10.120463 -1.686744 0.117680
20190821170402 -10.120463 -1.686744 0.156906
20190821170403 -10.120463 -1.647517 0.117680
20190821170404 -10.120463 -1.686744 0.078453
20190821170405 -10.120463 -1.647517 0.117680
20190821170406 -10.120463 -1.608291 0.078453
20190821170407 -10.081236 -1.686744 0.078453
20190821170408 -10.120463 -1.647517 0.078453
20190821170409 -10.120463 -1.647517 0.156906
20190821170410 -10.081236 -1.647517 0.117680
20190821170411 -10.120463 -1.686744 0.117680
20190821170412 -10.120463 -1.686744 0.078453
20190821170413 -10.120463 -1.686744 0.078453
20190821170414 -10.120463 -1.686744 0.078453
20190821170415 -10.120463 -1.647517 0.078453
20190821170416 -10.120463 -1.686744 0.039227
20190821170417 -10.120463 -1.686744 0.078453
20190821170418 -10.081236 -1.686744 0.039227
20190821170419 -10.081236 -1.686744 0.078453
20190821170420 -10.120463 -1.686744 0.039227
20190821170421 -10.120463 -1.647517 0.039227
20190821170422 -10.120463 -1.686744 0.039227
20190821170423 -10.120463 -1.686744 0.078453
20190821170424 -10.081236 -1.686744 0.039227
20190821170425 -10.159689 -1.686744 0.039227
20190821170426 -10.120463 -1.647517 0.039227
20190821170427 -10.120463 -1.686744 0.039227
20190821170428 -10.120463 -1.686744 0.000000
20190821170429 -10.120463 -1.686744 0.039227
20190821170430 -10.120463 -1.647517 0.039227
20190821170431 -10.120463 -1.686744 0.039227
20190821170432 -10.081236 -1.686744 0.000000
20190821170433 -10.081236 -1.647517 0.039227
20190821173845 -10.316596 0.156906 -1.451384
20190821173846 -10.198916 0.117680 -1.451384
20190821173847 -10.198916 0.117680 -1.451384
20190821173848 -10.865768 0.235360 -1.019892
20190821173849 -10.630409 -5.060231 -2.588956
20190821173850 -10.277369 0.117680 -0.117680
20190821173851 -10.238143 0.000000 -0.117680
20190821173852 -10.277369 -0.078453 -0.235360
20190821173853 -10.277369 0.000000 -0.274586
20190821173854 -10.316596 -0.039227 -0.353039
20190821173855 -10.277369 -0.039227 -0.392266
20190821173856 -10.316596 0.000000 -0.353039
20190821173857 -10.277369 -0.039227 -0.353039
20190821173858 -10.277369 -0.039227 -0.392266
20190821173859 -10.238143 -0.078453 -0.235360
20190821173900 -10.277369 0.000000 0.196133
20190821173901 -10.238143 0.000000 0.117680
20190821173902 -10.277369 -0.039227 0.078453
20190821173903 -10.316596 0.000000 0.078453
20190821173904 -10.316596 -0.039227 0.039227
20190821173905 -10.081236 -1.294478 -2.118236
20190821173906 -5.099458 -7.453054 -4.628739
20190821173907 -4.314926 -6.040896 -7.217694
20190821173908 -1.059118 -7.570734 -6.276256
20190821173909 0.509946 -10.042010 -0.353039
20190821173910 0.078453 -10.198916 -0.156906
20190821173911 0.117680 -10.159689 -0.196133
20190821173912 0.039227 -10.120463 -0.078453
20190821173913 0.000000 -10.042010 -0.117680
20190821173914 0.039227 -10.042010 -0.039227
20190821173915 0.353039 -9.335931 -2.314369
20190821173916 -3.295034 -9.139798 -3.334261
20190821173917 -3.961887 -6.786202 -4.079566
20190821173918 -4.471832 -7.609960 -5.138685
20190821173919 -0.274586 -11.297261 -2.079010
20190821173920 0.117680 -10.002783 -1.490611
20190821173921 0.353039 -10.081236 0.000000
20190821173922 0.156906 -10.120463 -0.117680
20190821173923 0.235360 -10.120463 -0.156906
20190821173924 0.156906 -10.081236 -0.196133
20190821173925 0.117680 -10.081236 -0.235360
20190821173926 0.156906 -10.081236 -0.235360
20190821173927 0.196133 -10.081236 -0.235360
20190821173928 0.156906 -10.081236 -0.235360
20190821173929 0.549172 -10.002783 -0.470719
20190821173930 8.237586 -3.295034 -0.941438
20190821173931 9.022118 -4.158020 -0.078453
20190821173932 10.159689 0.000000 0.549172
20190821173933 9.924330 0.078453 0.706079
20190821173934 9.924330 0.196133 0.431493
20190821173935 9.963556 0.196133 0.274586
20190821173936 9.963556 0.156906 0.353039
20190821173937 9.963556 0.117680 0.117680
20190821173938 10.002783 0.156906 0.196133
20190821173939 9.963556 0.156906 0.117680
20190821173940 9.963556 0.117680 0.117680
20190821173941 9.924330 0.156906 0.078453
20190821173942 10.002783 0.156906 -0.039227
20190821173943 10.002783 0.156906 0.000000
20190821173944 10.002783 0.117680 -0.039227
20190821173945 10.002783 0.078453 -0.039227
20190821173946 10.002783 0.117680 -0.078453
20190821173947 9.963556 0.078453 -0.039227
20190821173948 9.963556 0.156906 -0.509946
20190821173949 9.924330 -0.784532 -0.392266
20190821173950 9.885103 -1.255251 -0.666852
20190821173951 9.924330 0.274586 0.156906
20190821173952 9.924330 0.196133 0.039227
20190821173953 9.963556 0.196133 0.000000
20190821173954 9.924330 0.235360 0.000000
20190821173955 9.218251 0.313813 3.804980
20190821173956 -0.274586 -1.059118 9.532064
20190821173957 -1.608291 0.039227 9.610517
20190821173958 -0.549172 -1.608291 9.845877
20190821173959 -0.274586 0.509946 10.042010
20190821174000 -0.196133 0.039227 10.198916
20190821174001 -0.235360 0.039227 9.963556
20190821174002 -0.156906 0.039227 9.924330
20190821174003 -0.235360 0.039227 9.924330
20190821174004 -0.235360 0.039227 9.924330
20190821174006 0.000000 -0.117680 9.728197
20190821174007 -0.156906 0.000000 9.728197
20190821174008 -0.156906 0.117680 9.806650
20190821174009 -0.353039 1.451384 9.571290
20190821174010 -0.196133 0.039227 9.767423
20190821174011 -0.196133 0.039227 9.885103
20190821174012 -0.235360 0.039227 9.963556
20190821174013 -0.196133 0.000000 9.885103
20190821174014 -0.196133 0.039227 9.885103
20190821174015 -0.196133 0.039227 9.845877
20190821174016 -0.078453 0.039227 9.688970
20190821174017 -0.156906 0.039227 9.845877
20190821174018 -0.156906 1.294478 9.688970
20190821174019 -0.078453 -0.039227 10.434276
20190821174020 -0.156906 0.039227 10.159689
20190821174021 -0.156906 0.039227 10.081236
20190821174022 -0.196133 0.039227 10.042010
20190821174023 -0.196133 0.039227 9.924330
20190821174024 -0.196133 0.000000 9.845877
20190821174025 -0.235360 0.039227 9.885103
20190821174026 -0.235360 0.039227 9.806650
20190821174027 -0.196133 0.039227 9.845877
20190821174028 -0.235360 0.039227 9.845877
20190821174029 -0.274586 0.000000 9.924330
20190821174030 -0.235360 0.156906 9.688970
20190821174031 -0.235360 0.117680 9.728197
20190821174032 -0.196133 0.039227 9.728197
20190821174033 -0.156906 0.039227 9.728197
20190821174034 -0.235360 0.117680 9.688970
20190821174035 -0.196133 0.039227 9.688970
20190821174036 -0.235360 0.078453 9.767423
20190821174037 -0.156906 0.039227 9.728197
20190821174038 -0.196133 0.039227 9.688970
20190821174039 -0.156906 0.039227 9.767423
20190821174040 -0.156906 0.039227 9.728197
20190821174041 -0.156906 0.039227 9.688970
20190821174042 -0.196133 0.078453 9.688970
20190821174043 -0.235360 0.078453 9.688970
20190821174044 -0.235360 0.039227 9.688970
20190821174045 -0.235360 0.039227 9.728197
20190821174046 -0.274586 0.039227 9.688970
20190821174047 -0.196133 0.039227 9.728197
20190821174048 -0.235360 0.078453 9.649744
20190821174049 -0.274586 0.078453 9.806650
20190821174050 -0.274586 0.078453 9.688970
20190821174051 -0.313813 0.078453 9.728197
20190821174052 -0.274586 0.078453 9.728197
20190821174053 -0.235360 0.078453 9.767423
20190821174054 -0.274586 0.039227 9.728197
20190821174055 -0.235360 0.078453 9.767423
20190821174056 -0.274586 0.078453 9.728197
20190821174057 -0.117680 0.039227 9.767423
20190821174058 -0.235360 0.039227 10.355822
20190821174059 -0.156906 0.039227 10.081236
20190821174100 -0.156906 0.000000 10.002783
20190821174101 -0.235360 -0.117680 10.002783
20190821174102 -0.156906 0.039227 9.885103
20190821174103 0.000000 0.196133 9.767423
20190821174104 -0.196133 0.039227 9.688970
20190821174105 -0.156906 0.039227 9.688970
20190821174106 -0.196133 0.078453 9.688970
20190821174107 -0.196133 0.078453 9.728197
20190821174108 -0.196133 0.078453 9.649744
20190821174109 -0.196133 0.039227 9.649744
20190821174110 -0.196133 0.078453 9.688970
20190821174111 -0.196133 0.078453 9.688970
20190821174112 -0.902212 -0.862985 10.081236
20190821174113 -0.235360 0.078453 9.610517
20190821174114 -0.156906 0.039227 9.532064
20190821174115 -0.196133 0.078453 9.571290
20190821174116 -0.196133 0.039227 9.571290
20190821174117 -0.196133 0.039227 9.571290
20190821174118 -0.274586 0.078453 9.571290
20190821174119 -0.235360 0.039227 9.571290
20190821174120 -0.196133 0.078453 9.610517
20190821174121 -0.235360 0.117680 9.649744
20190821174122 0.392266 1.569064 9.296704
20190821174123 -0.627626 0.000000 9.453611
20190821174124 1.333704 -0.117680 9.375157
20190821174125 10.198916 -1.608291 -0.235360
20190821174126 9.924330 -0.588399 0.078453
20190821174127 9.924330 -0.549172 0.509946
20190821174128 9.924330 -0.470719 0.235360
20190821174129 9.963556 -0.235360 0.156906
20190821174130 9.885103 -0.078453 0.117680
20190821174131 9.885103 -0.078453 0.000000
20190821174132 9.963556 0.078453 0.039227
20190821174133 9.885103 0.117680 0.000000
20190821174134 9.924330 0.117680 -0.039227
20190821174135 9.963556 0.117680 -0.039227
20190821174136 9.924330 0.117680 -0.078453
20190821174137 9.924330 0.117680 -0.117680
20190821174138 9.885103 0.156906 -0.117680
20190821174139 9.924330 0.117680 -0.117680
20190821174140 9.924330 0.117680 -0.156906
20190821174141 9.924330 0.078453 -0.156906
20190821174142 9.963556 0.117680 -0.196133
20190821174143 9.963556 0.117680 -0.196133
20190821174144 9.924330 0.078453 -0.196133
20190821174145 9.963556 0.039227 -0.235360
20190821174146 10.002783 -0.706079 -0.156906
20190821174147 5.530951 -2.471276 4.550286
20190821174148 0.745305 -10.198916 -2.275143
20190821174149 0.156906 -10.198916 -0.078453
20190821174150 0.078453 -10.081236 -0.313813
20190821174151 0.196133 -10.042010 0.156906
20190821174152 0.039227 -10.120463 0.039227
20190821174153 -0.039227 -10.081236 0.000000
20190821174154 -0.078453 -10.081236 -0.039227
20190821174155 -0.039227 -10.120463 -0.039227
20190821174156 -0.078453 -10.081236 -0.039227
20190821174157 -0.078453 -10.081236 -0.117680
20190821174158 -0.039227 -10.081236 -0.078453
20190821174159 2.275143 -10.042010 -1.804424
20190821174200 0.039227 -10.081236 -0.745305
20190821174201 6.433162 -3.216581 2.118236
20190821174202 8.590625 -1.216025 -3.530394
20190821174203 -0.039227 -1.843650 -11.454167
20190821174204 -1.451384 0.666852 -8.119906
20190821174205 -0.078453 0.980665 -9.767423
20190821174206 0.078453 0.706079 -10.081236
20190821174207 0.078453 1.059118 -10.042010
20190821174208 0.156906 0.784532 -10.081236
20190821174209 0.117680 0.823759 -10.042010
20190821174210 0.117680 0.862985 -10.081236
20190821174211 0.078453 0.823759 -10.042010
20190821174212 -1.529837 0.823759 -10.042010
20190821174213 -2.471276 0.745305 -9.806650
20190821174214 -3.138128 0.666852 -9.571290
20190821174215 -1.647517 0.549172 -9.963556
20190821174216 -0.078453 1.137571 -10.042010
20190821174217 -0.666852 3.883433 -9.375157
20190821174218 -0.784532 4.197246 -9.179024
20190821174219 -0.274586 3.726527 -9.571290
20190821174220 2.314369 3.648074 -9.218251
20190821174221 3.138128 3.373488 -9.022118
20190821174222 3.334261 3.373488 -8.904438
20190821174223 2.510502 2.785089 -9.335931
20190821174224 0.706079 2.196690 -9.845877
20190821174225 -0.353039 1.255251 -10.042010
20190821174226 -0.313813 1.294478 -10.002783
20190821174227 -0.353039 0.627626 -10.120463
20190821174228 -0.235360 0.353039 -10.198916
20190821174229 -0.235360 0.353039 -10.277369
20190821174230 0.000000 -0.392266 -10.159689
20190821174231 0.117680 -1.490611 -10.081236
20190821174232 0.117680 -1.490611 -10.198916
20190821174233 0.156906 -1.451384 -10.081236
20190821174234 0.117680 -1.451384 -10.081236
20190821174235 0.156906 -1.490611 -10.081236
20190821174236 0.117680 -1.451384 -10.042010
20190821174237 0.078453 -1.451384 -10.120463
20190821174238 0.039227 -2.392823 -9.885103
20190821174239 -0.039227 -2.471276 -9.885103
20190821174240 -0.039227 -2.588956 -9.806650
20190821174241 0.000000 -2.588956 -9.806650
20190821174242 -0.039227 -2.667409 -9.806650
20190821174243 -0.078453 -2.667409 -9.767423
20190821174244 -0.039227 -2.745862 -9.728197
20190821174245 -0.039227 -2.785089 -9.728197
20190821174246 0.000000 -2.863542 -9.688970
20190821174247 0.000000 -2.941995 -9.688970
20190821174248 0.000000 -2.981222 -9.767423
20190821174249 0.000000 -2.981222 -9.688970
20190821174250 -0.039227 -3.020448 -9.610517
20190821174251 0.000000 -3.020448 -9.610517
20190821174252 0.000000 -3.098901 -9.571290
20190821174253 -0.039227 -3.098901 -9.571290
20190821174254 -0.039227 -3.098901 -9.649744
20190821174255 0.000000 -3.138128 -9.610517
20190821174256 0.000000 -3.216581 -9.571290
20190821174257 0.000000 -3.216581 -9.571290
20190821174258 0.000000 -3.177355 -9.571290
20190821174259 0.000000 -3.255808 -9.728197
20190821174300 0.000000 -3.177355 -9.610517
20190821174301 -0.039227 -3.177355 -9.649744
20190821174302 -0.039227 -3.255808 -9.571290
20190821174602 -0.078453 -3.569621 -9.335931
20190821174702 -0.156906 -3.451941 -9.492837
20190821174802 -0.078453 -3.569621 -9.414384
20190821174902 -0.078453 -3.569621 -9.453611
20190821175002 -0.078453 -3.530394 -9.453611
20190821175102 -0.078453 -3.569621 -9.453611
20190821175202 -0.078453 -3.569621 -9.414384
20190821175302 -0.039227 -3.530394 -9.414384
20190821175402 -0.078453 -3.569621 -9.532064
20190821175502 -0.039227 -3.608847 -9.492837
20190821175602 0.000000 0.000000 0.000000
20190822124300 -4.432606 -4.040340 -8.355266
20190822124300 -4.432606 -3.961887 -8.276813
20190822124401 -4.432606 -4.001113 -8.316039
20190822124501 -4.354153 -4.001113 -8.355266
20190822124601 -4.354153 -3.961887 -8.316039
20190822124702 0.000000 0.000000 0.000000
20190823162531 -4.785645 -4.628739 -7.806093
20190823162601 -4.746419 -4.628739 -7.766867
20190823163101 -4.746419 -4.589512 -7.845320
20190823163201 -4.746419 -4.628739 -7.845320
20190823163301 -4.707192 -4.628739 -7.845320
20190823163401 -4.785645 -4.628739 -7.806093
20190823163501 -4.746419 -4.628739 -7.845320
20190823163601 -4.785645 -4.628739 -7.845320
20190823163701 -4.785645 -4.628739 -7.766867
20190823163801 -4.785645 -4.628739 -7.845320
20190823163901 -4.785645 -4.628739 -7.845320
20190823164001 -4.785645 -4.589512 -7.806093
20190823164101 -4.785645 -4.628739 -7.845320
20190823164201 -4.785645 -4.589512 -7.845320
20190823164301 -4.746419 -4.667965 -7.766867
20190823164401 -4.746419 -4.628739 -7.845320
20190823164501 -4.785645 -4.628739 -7.845320
20190823164601 -4.746419 -4.628739 -7.806093
20190823164701 -4.746419 -4.667965 -7.766867
20190823164801 -4.785645 -4.628739 -7.806093
20190823164901 -4.746419 -4.628739 -7.845320
20190823165001 -4.864098 -4.589512 -7.727640
20190823165101 -4.746419 -4.628739 -7.884547
20190823165201 -4.785645 -4.628739 -7.806093
20190823165301 -4.746419 -4.628739 -7.884547
20190823165401 -4.785645 -4.628739 -7.727640
20190823165501 -4.746419 -4.628739 -7.845320
20190823165601 -4.746419 -4.589512 -7.845320
20190823165701 -4.746419 -4.628739 -7.845320
20190823165801 -4.707192 -4.628739 -7.806093
20190823165901 -4.785645 -4.589512 -7.845320
20190823170001 -4.746419 -4.628739 -7.845320
20190823170102 -4.785645 -4.628739 -7.806093
20190823170202 -4.785645 -4.667965 -7.806093
20190823170302 -4.785645 -4.589512 -7.845320
20190823170402 -4.785645 -4.628739 -7.845320
20190823170502 -4.746419 -4.628739 -7.845320
20190823170602 -4.746419 -4.628739 -7.766867
20190823170702 -4.746419 -4.628739 -7.845320
20190823170802 -4.785645 -4.628739 -7.845320
20190823170902 -4.785645 -4.589512 -7.766867
20190823171002 -4.785645 -4.628739 -7.845320
20190823171102 -4.785645 -4.628739 -7.845320
20190823171202 -4.746419 -4.667965 -7.845320
20190823171302 -4.785645 -4.628739 -7.806093
20190823171402 -4.746419 -4.628739 -7.884547
20190823171502 -4.746419 -4.667965 -7.727640
20190823171602 -4.746419 -4.628739 -7.766867
20190823171702 -4.785645 -4.628739 -7.845320
20190823171801 -4.746419 -4.628739 -7.806093
20190823171901 -4.746419 -4.667965 -7.845320
20190823172001 -4.746419 -4.628739 -7.806093
20190823172101 -4.785645 -4.628739 -7.806093
20190823172201 -4.746419 -4.667965 -7.766867
20190823172301 -4.746419 -4.628739 -7.845320
20190823172401 -4.707192 -4.628739 -7.806093
20190823172501 -4.785645 -4.628739 -7.806093
20190823172601 -4.785645 -4.511059 -7.806093
20190823172701 -4.785645 -4.628739 -7.845320
20190823172801 -4.785645 -4.628739 -7.845320
20190823172901 -4.746419 -4.628739 -7.845320
20190823173001 -4.746419 -4.628739 -7.806093
20190823173101 -4.746419 -4.667965 -7.806093
20190823173201 -4.785645 -4.628739 -7.766867
20190823173301 -4.785645 -4.589512 -7.884547
20190823173401 -4.785645 -4.628739 -7.845320
20190823173501 -4.707192 -4.667965 -7.845320
20190823173601 -4.746419 -4.628739 -7.766867
20190823173701 -4.746419 -4.667965 -7.884547
20190823173801 -4.746419 -4.589512 -7.806093
20190823173901 -4.746419 -4.628739 -7.806093
20190823174001 -4.746419 -4.628739 -7.845320
20190823174101 -4.785645 -4.628739 -7.845320
20190823174201 -4.707192 -4.667965 -7.806093
20190823174301 -4.746419 -4.667965 -7.845320
20190823174401 -4.785645 -4.667965 -7.845320
20190823174501 -4.746419 -4.628739 -7.845320
20190823174601 -4.746419 -4.628739 -7.845320
20190823174702 -4.785645 -4.628739 -7.845320
20190823174802 -4.746419 -4.628739 -7.845320
20190823174902 -4.746419 -4.628739 -7.806093
20190823175002 -4.746419 -4.628739 -7.845320
20190823175102 -4.746419 -4.628739 -7.845320
20190823175202 -4.707192 -4.707192 -7.766867
20190823175302 -4.785645 -4.628739 -7.845320
20190823175402 -4.746419 -4.628739 -7.806093
20190823175502 -4.746419 -4.667965 -7.806093
20190823175602 -4.746419 -4.628739 -7.845320
20190823175702 -4.785645 -4.589512 -7.845320
20190823175802 -4.746419 -4.589512 -7.845320
20190823175902 -4.746419 -4.667965 -7.806093
20190823180002 -4.746419 -4.628739 -7.806093
20190823180102 -4.746419 -4.628739 -7.806093
20190823180202 -4.746419 -4.628739 -7.845320
20190823180302 -4.746419 -4.628739 -7.845320
20190823180402 -4.746419 -4.667965 -7.845320
20190823180502 -4.785645 -4.628739 -7.845320
20190823180602 -4.785645 -4.667965 -7.727640
20190823180701 -4.785645 -4.628739 -7.845320
20190823180801 -4.746419 -4.628739 -7.845320
20190823180901 -4.707192 -4.667965 -7.845320
20190823181001 -4.785645 -4.628739 -7.806093
20190823181101 -4.785645 -4.667965 -7.806093
20190823181201 -4.746419 -4.667965 -7.806093
20190823181302 -4.824872 -4.628739 -7.845320
20190823181401 -4.746419 -4.707192 -7.845320
20190823181501 -4.785645 -4.628739 -7.806093
20190823181601 -4.785645 -4.589512 -7.845320
20190823181701 -4.746419 -4.628739 -7.845320
20190823181801 -4.785645 -4.628739 -7.845320
20190823181902 -4.785645 -4.628739 -7.845320
20190823182001 -4.785645 -4.628739 -7.884547
20190823182101 -4.746419 -4.667965 -7.806093
20190823182201 -4.785645 -4.628739 -7.806093
20190823182301 -4.746419 -4.667965 -7.806093
20190823182401 -4.746419 -4.707192 -7.806093
20190823182501 -4.785645 -4.550286 -7.806093
20190823182601 -4.707192 -4.667965 -7.884547
20190823182701 -4.785645 -4.628739 -7.845320
20190823182801 -4.746419 -4.667965 -7.845320
20190823182901 -4.707192 -4.667965 -7.845320
20190823183001 -4.785645 -4.667965 -7.806093
20190823183101 -4.746419 -4.667965 -7.806093
20190823183201 -4.667965 -4.667965 -7.845320
20190823183301 -4.746419 -4.628739 -7.806093
20190823183401 -4.785645 -4.589512 -7.806093
20190823183501 -4.746419 -4.667965 -7.806093
20190823183601 -4.746419 -4.628739 -7.884547
20190823183701 -4.746419 -4.628739 -7.845320
20190823183801 -4.746419 -4.589512 -7.806093
20190823183901 -4.746419 -4.628739 -7.845320
20190823184001 -4.746419 -4.628739 -7.845320
20190823184101 -4.746419 -4.628739 -7.845320
20190823184201 -4.746419 -4.589512 -7.884547
20190823184301 -4.785645 -4.667965 -7.845320
20190823184401 -4.746419 -4.628739 -7.766867
20190823184501 -4.785645 -4.667965 -7.806093
20190823184601 -4.707192 -4.667965 -7.845320
20190823184701 -4.746419 -4.589512 -7.845320
20190823184801 -4.785645 -4.628739 -7.845320
20190823184901 -4.746419 -4.589512 -7.806093
20190823185001 -4.746419 -4.628739 -7.884547
20190823185101 -4.746419 -4.628739 -7.806093
20190823185201 -4.746419 -4.667965 -7.806093
20190823185301 -4.746419 -4.589512 -7.884547
20190823185401 -4.746419 -4.667965 -7.806093
20190823185501 -4.746419 -4.628739 -7.845320
20190823185601 -4.746419 -4.667965 -7.806093
20190823185701 -4.746419 -4.628739 -7.806093
20190823185801 -4.746419 -4.667965 -7.806093
20190823185901 -4.785645 -4.628739 -7.845320
20190823190001 -4.746419 -4.667965 -7.845320
20190823190101 -4.785645 -4.667965 -7.845320
20190823190201 -4.707192 -4.667965 -7.845320
20190823190301 -4.746419 -4.628739 -7.845320
20190823190401 -4.746419 -4.667965 -7.806093
20190823190501 -4.746419 -4.589512 -7.845320
20190823190601 -4.746419 -4.628739 -7.845320
20190823190701 -4.746419 -4.628739 -7.806093
20190823190801 -4.746419 -4.667965 -7.845320
20190823190901 -4.785645 -4.628739 -7.806093
20190823191001 -4.746419 -4.628739 -7.845320
20190823191101 -4.785645 -4.628739 -7.806093
20190823191201 -4.785645 -4.628739 -7.884547
20190823191301 -4.746419 -4.628739 -7.845320
20190823191401 -4.746419 -4.628739 -7.806093
20190823191501 -4.707192 -4.667965 -7.884547
20190823191601 -4.707192 -4.628739 -7.923773
20190823191701 -4.746419 -4.667965 -7.845320
20190823191801 -4.746419 -4.628739 -7.845320
20190823191901 -4.746419 -4.628739 -7.806093
20190823192001 -4.746419 -4.667965 -7.845320
20190823192101 -4.746419 -4.667965 -7.806093
20190823192201 -4.785645 -4.628739 -7.884547
20190823192301 -4.746419 -4.589512 -7.806093
20190823192401 -4.707192 -4.667965 -7.845320
20190823192501 -4.785645 -4.628739 -7.845320
20190823192601 -4.746419 -4.628739 -7.845320
20190823192701 -4.746419 -4.589512 -7.845320
20190823192801 -4.746419 -4.667965 -7.845320
20190823192901 -4.746419 -4.667965 -7.845320
20190823193001 -4.746419 -4.628739 -7.806093
20190823193101 -4.746419 -4.628739 -7.806093
20190823193201 -4.785645 -4.589512 -7.884547
20190823193301 -4.746419 -4.628739 -7.806093
20190823193401 -4.785645 -4.589512 -7.845320
20190823193501 -4.785645 -4.628739 -7.845320
20190823193601 -4.746419 -4.628739 -7.845320
20190823193701 -4.746419 -4.628739 -7.806093
20190823193801 -4.746419 -4.589512 -7.884547
20190823193901 -4.785645 -4.667965 -7.845320
20190823194001 -4.746419 -4.667965 -7.845320
20190823194101 -4.746419 -4.667965 -7.845320
20190823194201 -4.746419 -4.628739 -7.845320
20190823194301 -4.707192 -4.628739 -7.845320
20190823194401 -4.746419 -4.667965 -7.806093
20190823194501 -4.785645 -4.589512 -7.845320
20190823194601 -4.746419 -4.628739 -7.806093
20190823194701 -4.746419 -4.667965 -7.845320
20190823194801 -4.746419 -4.589512 -7.806093
20190823194901 -4.746419 -4.667965 -7.884547
20190823195001 -4.746419 -4.707192 -7.845320
20190823195101 -4.707192 -4.667965 -7.845320
20190823195201 -4.746419 -4.589512 -7.884547
20190823195301 -4.785645 -4.589512 -7.806093
20190823195401 -4.707192 -4.667965 -7.845320
20190823195501 -4.746419 -4.628739 -7.845320
20190823195601 -4.824872 -4.628739 -7.806093
20190823195701 -4.746419 -4.667965 -7.845320
20190823195801 -4.824872 -4.628739 -7.884547
20190823195901 -4.707192 -4.667965 -7.766867
20190823200001 -4.785645 -4.550286 -7.884547
20190823200101 -4.746419 -4.628739 -7.884547
20190823200201 -4.746419 -4.628739 -7.845320
20190823200301 -4.707192 -4.667965 -7.806093
20190823200401 -4.746419 -4.667965 -7.845320
20190823200501 -4.746419 -4.628739 -7.806093
20190823200601 -4.785645 -4.628739 -7.845320
20190823200701 -4.746419 -4.628739 -7.845320
20190823200801 -4.707192 -4.628739 -7.884547
20190823200901 -4.746419 -4.628739 -7.806093
20190823201001 -4.707192 -4.628739 -7.845320
20190823201101 -4.746419 -4.628739 -7.845320
20190823201201 -4.785645 -4.589512 -7.845320
20190823201301 -4.746419 -4.628739 -7.884547
20190823201401 -4.746419 -4.628739 -7.884547
20190823201501 -4.746419 -4.589512 -7.845320
20190823201601 -4.707192 -4.667965 -7.806093
20190823201701 -4.746419 -4.667965 -7.845320
20190823201801 -4.707192 -4.628739 -7.845320
20190823201901 -4.746419 -4.707192 -7.845320
20190823202001 -4.707192 -4.667965 -7.884547
20190823202101 -4.785645 -4.628739 -7.884547
20190823202201 -4.746419 -4.628739 -7.845320
20190823202301 -4.746419 -4.628739 -7.884547
20190823202401 -4.785645 -4.707192 -7.884547
20190823202501 -4.785645 -4.589512 -7.806093
20190823202601 -4.785645 -4.589512 -7.845320
20190823202701 -4.785645 -4.628739 -7.845320
20190823202801 -4.746419 -4.628739 -7.845320
20190823202901 -4.746419 -4.628739 -7.806093
20190823203001 -4.746419 -4.628739 -7.884547
20190823203101 -4.746419 -4.628739 -7.806093
20190823203201 -4.746419 -4.628739 -7.845320
20190823203301 -4.746419 -4.628739 -7.884547
20190823203401 -4.746419 -4.589512 -7.806093
20190823203501 -4.785645 -4.589512 -7.884547
20190823203601 -4.707192 -4.589512 -7.884547
20190823203701 -4.746419 -4.628739 -7.845320
20190823203801 -4.746419 -4.628739 -7.845320
20190823203901 -4.746419 -4.628739 -7.845320
20190823204001 -4.746419 -4.628739 -7.845320
20190823204101 -4.746419 -4.667965 -7.845320
20190823204201 -4.746419 -4.667965 -7.845320
20190823204301 -4.746419 -4.667965 -7.845320
20190823204401 -4.746419 -4.628739 -7.845320
20190823204501 -4.785645 -4.628739 -7.884547
20190823204601 -4.785645 -4.667965 -7.845320
20190823204701 -4.785645 -4.628739 -7.884547
20190823204801 -4.746419 -4.667965 -7.845320
20190823204901 -4.746419 -4.667965 -7.845320
20190823205001 -4.746419 -4.589512 -7.806093
20190823205101 -4.746419 -4.628739 -7.845320
20190823205201 -4.785645 -4.628739 -7.884547
20190823205301 -4.785645 -4.628739 -7.845320
20190823205401 -4.746419 -4.628739 -7.845320
20190823205501 -4.746419 -4.628739 -7.845320
20190823205601 -4.707192 -4.707192 -7.845320
20190823205701 -4.746419 -4.667965 -7.845320
20190823205801 -4.746419 -4.628739 -7.884547
20190823205901 -4.746419 -4.628739 -7.845320
20190823210001 -4.746419 -4.589512 -7.884547
20190823210101 -4.746419 -4.667965 -7.845320
20190823210201 -4.707192 -4.628739 -7.884547
20190823210301 -4.746419 -4.628739 -7.845320
20190823210401 -4.746419 -4.667965 -7.845320
20190823210501 -4.785645 -4.628739 -7.845320
20190823210601 -4.707192 -4.628739 -7.845320
20190823210701 -4.746419 -4.667965 -7.884547
20190823210802 -4.746419 -4.667965 -7.845320
20190823210902 -4.785645 -4.628739 -7.845320
20190823211002 -4.707192 -4.667965 -7.845320
20190823211102 -4.785645 -4.667965 -7.884547
20190823211202 -4.746419 -4.628739 -7.884547
20190823211302 -4.746419 -4.628739 -7.884547
20190823211402 -4.746419 -4.589512 -7.884547
20190823211502 -4.746419 -4.667965 -7.806093
20190823211602 -4.746419 -4.628739 -7.884547
20190823211702 -4.707192 -4.667965 -7.845320
20190823211802 -4.707192 -4.628739 -7.884547
20190823211902 -4.707192 -4.667965 -7.845320
20190823212002 -4.746419 -4.628739 -7.845320
20190823212102 -4.746419 -4.667965 -7.766867
20190823212202 -4.707192 -4.628739 -7.845320
20190823212302 -4.785645 -4.628739 -7.923773
20190823212402 -4.785645 -4.628739 -7.845320
20190823212502 -4.785645 -4.589512 -7.845320
20190823212602 -4.746419 -4.628739 -7.845320
20190823212702 -4.746419 -4.667965 -7.806093
20190823212802 -4.707192 -4.667965 -7.845320
20190823212902 -4.746419 -4.667965 -7.845320
20190823213002 -4.746419 -4.628739 -7.884547
20190823213102 -4.707192 -4.628739 -7.884547
20190823213202 -4.746419 -4.667965 -7.845320
20190823213302 -4.785645 -4.628739 -7.806093
20190823213402 -4.746419 -4.667965 -7.845320
20190823213502 -4.746419 -4.667965 -7.845320
20190823213602 -4.707192 -4.667965 -7.845320
20190823213702 -4.707192 -4.667965 -7.806093
20190823213802 -4.746419 -4.628739 -7.845320
20190823213902 -4.785645 -4.628739 -7.845320
20190823214002 -4.746419 -4.667965 -7.845320
20190823214102 -4.707192 -4.628739 -7.806093
20190823214202 -4.746419 -4.628739 -7.806093
20190823214302 -4.707192 -4.667965 -7.845320
20190823214402 -4.707192 -4.628739 -7.845320
20190823214502 -4.746419 -4.667965 -7.845320
20190823214602 -4.785645 -4.628739 -7.845320
20190823214702 -4.746419 -4.589512 -7.845320
20190823214801 -4.785645 -4.589512 -7.845320
20190823214902 -4.746419 -4.628739 -7.806093
20190823215001 -4.746419 -4.667965 -7.845320
20190823215101 -4.746419 -4.667965 -7.845320
20190823215201 -4.785645 -4.589512 -7.845320
20190823215302 -4.746419 -4.589512 -7.845320
20190823215402 -4.746419 -4.589512 -7.884547
20190823215502 -4.746419 -4.628739 -7.884547
20190823215602 -4.707192 -4.667965 -7.884547
20190823215702 -4.746419 -4.667965 -7.806093
20190823215802 -4.746419 -4.628739 -7.845320
20190823215902 -4.746419 -4.628739 -7.845320
20190823220001 -4.707192 -4.628739 -7.845320
20190823220101 -4.707192 -4.628739 -7.884547
20190823220201 -4.785645 -4.550286 -7.884547
20190823220301 -4.785645 -4.589512 -7.884547
20190823220401 -4.785645 -4.589512 -7.884547
20190823220501 -4.746419 -4.589512 -7.845320
20190823220601 -4.785645 -4.589512 -7.884547
20190823220701 -4.785645 -4.628739 -7.806093
20190823220801 -4.746419 -4.667965 -7.884547
20190823220901 -4.707192 -4.667965 -7.884547
20190823221001 -4.746419 -4.667965 -7.845320
20190823221101 -4.746419 -4.628739 -7.884547
20190823221201 -4.746419 -4.628739 -7.845320
20190823221301 -4.746419 -4.628739 -7.806093
20190823221401 -4.746419 -4.628739 -7.845320
20190823221501 -4.746419 -4.628739 -7.884547
20190823221601 -4.785645 -4.589512 -7.845320
20190823221701 -4.746419 -4.667965 -7.806093
20190823221801 -4.746419 -4.628739 -7.845320
20190823221901 -4.746419 -4.707192 -7.884547
20190823222001 -4.746419 -4.667965 -7.806093
20190823222101 -4.707192 -4.628739 -7.884547
20190823222201 -4.707192 -4.628739 -7.845320
20190823222301 -4.746419 -4.628739 -7.806093
20190823222401 -4.707192 -4.667965 -7.845320
20190823222501 -4.785645 -4.628739 -7.845320
20190823222601 -4.746419 -4.628739 -7.845320
20190823222701 -4.746419 -4.628739 -7.845320
20190823222801 -4.667965 -4.628739 -7.806093
20190823222901 -4.785645 -4.589512 -7.845320
20190823223001 -4.785645 -4.667965 -7.884547
20190823223101 -4.707192 -4.667965 -7.845320
20190823223201 -4.746419 -4.628739 -7.845320
20190823223301 -4.746419 -4.589512 -7.923773
20190823223401 -4.785645 -4.589512 -7.806093
20190823223501 -4.785645 -4.667965 -7.884547
20190823223601 -4.707192 -4.667965 -7.845320
20190823223701 -4.746419 -4.628739 -7.845320
20190823223801 -4.746419 -4.628739 -7.806093
20190823223901 -4.746419 -4.628739 -7.845320
20190823224001 -4.746419 -4.628739 -7.884547
20190823224101 -4.746419 -4.589512 -7.806093
20190823224201 -4.707192 -4.667965 -7.806093
20190823224301 -4.746419 -4.667965 -7.884547
20190823224401 -4.746419 -4.628739 -7.806093
20190823224501 -4.746419 -4.707192 -7.845320
20190823224601 -4.707192 -4.628739 -7.884547
20190823224701 -4.746419 -4.667965 -7.845320
20190823224801 -4.746419 -4.628739 -7.884547
20190823224901 -4.746419 -4.589512 -7.884547
20190823225001 -4.707192 -4.589512 -7.845320
20190823225101 -4.746419 -4.628739 -7.845320
20190823225201 -4.746419 -4.628739 -7.845320
20190823225301 -4.746419 -4.628739 -7.884547
20190823225401 -4.746419 -4.628739 -7.806093
20190823225501 -4.746419 -4.628739 -7.845320
20190823225601 -4.746419 -4.667965 -7.806093
20190823225701 -4.707192 -4.667965 -7.884547
20190823225801 -4.707192 -4.667965 -7.884547
20190823225901 -4.707192 -4.628739 -7.884547
20190823230001 -4.746419 -4.628739 -7.845320
20190823230101 -4.746419 -4.589512 -7.845320
20190823230201 -4.707192 -4.667965 -7.884547
20190823230301 -4.746419 -4.628739 -7.845320
20190823230401 -4.707192 -4.628739 -7.845320
20190823230501 -4.746419 -4.589512 -7.884547
20190823230601 -4.746419 -4.628739 -7.845320
20190823230701 -4.707192 -4.628739 -7.845320
20190823230801 -4.667965 -4.628739 -7.806093
20190823230901 -4.707192 -4.589512 -7.884547
20190823231001 -4.707192 -4.667965 -7.845320
20190823231101 -4.785645 -4.589512 -7.845320
20190823231201 -4.746419 -4.589512 -7.806093
20190823231301 -4.707192 -4.667965 -7.884547
20190823231401 -4.746419 -4.628739 -7.845320
20190823231501 -4.746419 -4.589512 -7.845320
20190823231601 -4.707192 -4.628739 -7.806093
20190823231701 -4.707192 -4.628739 -7.884547
20190823231801 -4.746419 -4.589512 -7.845320
20190823231901 -4.746419 -4.628739 -7.845320
20190823232001 -4.746419 -4.589512 -7.845320
20190823232101 -4.746419 -4.589512 -7.884547
20190823232201 -4.746419 -4.628739 -7.806093
20190823232301 -4.707192 -4.667965 -7.884547
20190823232401 -4.746419 -4.628739 -7.884547
20190823232501 -4.707192 -4.550286 -7.884547
20190823232601 -4.746419 -4.628739 -7.845320
20190823232701 -4.707192 -4.667965 -7.884547
20190823232801 -4.707192 -4.628739 -7.884547
20190823232901 -4.746419 -4.589512 -7.845320
20190823233001 -4.707192 -4.628739 -7.845320
20190823233101 -4.785645 -4.628739 -7.845320
20190823233201 -4.746419 -4.628739 -7.884547
20190823233301 -4.746419 -4.628739 -7.806093
20190823233401 -4.707192 -4.667965 -7.884547
20190823233502 -4.746419 -4.667965 -7.884547
20190823233602 -4.746419 -4.628739 -7.845320
20190823233702 -4.707192 -4.667965 -7.845320
20190823233802 -4.746419 -4.667965 -7.884547
20190823233902 -4.746419 -4.628739 -7.923773
20190823234002 -4.746419 -4.628739 -7.845320
20190823234102 -4.746419 -4.628739 -7.806093
20190823234202 -4.746419 -4.628739 -7.845320
20190823234302 -4.707192 -4.667965 -7.806093
20190823234402 -4.707192 -4.628739 -7.884547
20190823234502 -4.746419 -4.628739 -7.845320
20190823234602 -4.667965 -4.667965 -7.845320
20190823234702 -4.707192 -4.628739 -7.884547
20190823234802 -4.746419 -4.667965 -7.884547
20190823234902 -4.746419 -4.667965 -7.845320
20190823235002 -4.628739 -4.628739 -7.845320
20190823235102 -4.707192 -4.628739 -7.884547
20190823235202 -4.785645 -4.667965 -7.884547
20190823235302 -4.785645 -4.628739 -7.845320
20190823235402 -4.746419 -4.667965 -7.884547
20190823235502 -4.707192 -4.628739 -7.845320
20190823235602 -4.746419 -4.667965 -7.923773
20190823235702 -4.746419 -4.628739 -7.845320
20190823235802 -4.746419 -4.589512 -7.884547
20190823235902 -4.746419 -4.628739 -7.923773
20190824000002 -4.707192 -4.628739 -7.923773
20190824000102 -4.785645 -4.667965 -7.845320
20190824000202 -4.746419 -4.667965 -7.845320
20190824000302 -4.746419 -4.628739 -7.884547
20190824000402 -4.707192 -4.589512 -7.806093
20190824000502 -4.785645 -4.628739 -7.845320
20190824000602 -4.746419 -4.628739 -7.845320
20190824000702 -4.746419 -4.628739 -7.806093
20190824000802 -4.785645 -4.628739 -7.884547
20190824000902 -4.746419 -4.628739 -7.845320
20190824001002 -4.746419 -4.589512 -7.845320
20190824001102 -4.746419 -4.589512 -7.845320
20190824001202 -4.707192 -4.667965 -7.845320
20190824001302 -4.746419 -4.628739 -7.806093
20190824001402 -4.746419 -4.628739 -7.845320
20190824001502 -4.707192 -4.628739 -7.845320
20190824001602 -4.746419 -4.589512 -7.884547
20190824001702 -4.746419 -4.628739 -7.845320
20190824001802 -4.746419 -4.628739 -7.923773
20190824001902 -4.746419 -4.628739 -7.884547
20190824002002 -4.746419 -4.667965 -7.845320
20190824002102 -4.746419 -4.667965 -7.884547
20190824002202 -4.707192 -4.628739 -7.884547
20190824002302 -4.707192 -4.628739 -7.845320
20190824002402 -4.707192 -4.667965 -7.845320
20190824002502 -4.746419 -4.628739 -7.845320
20190824002602 -4.707192 -4.589512 -7.845320
20190824002702 -4.746419 -4.628739 -7.845320
20190824002802 -4.746419 -4.667965 -7.845320
20190824002902 -4.707192 -4.628739 -7.884547
20190824003002 -4.785645 -4.628739 -7.884547
20190824003102 -4.746419 -4.628739 -7.923773
20190824003202 -4.667965 -4.667965 -7.845320
20190824003302 -4.746419 -4.628739 -7.806093
20190824003402 -4.707192 -4.628739 -7.806093
20190824003502 -4.785645 -4.628739 -7.884547
20190824003602 -4.746419 -4.667965 -7.923773
20190824003702 -4.746419 -4.628739 -7.884547
20190824003802 -4.746419 -4.628739 -7.884547
20190824003902 -4.746419 -4.628739 -7.845320
20190824004002 -4.746419 -4.628739 -7.845320
20190824004102 -4.746419 -4.589512 -7.884547
20190824004202 -4.746419 -4.628739 -7.884547
20190824004302 -4.707192 -4.667965 -7.845320
20190824004402 -4.746419 -4.667965 -7.845320
20190824004502 -4.707192 -4.667965 -7.884547
20190824004602 -4.746419 -4.628739 -7.884547
20190824004702 -4.746419 -4.589512 -7.884547
20190824004802 -4.707192 -4.628739 -7.845320
20190824004902 -4.707192 -4.628739 -7.884547
20190824005002 -4.707192 -4.628739 -7.845320
20190824005102 -4.746419 -4.628739 -7.845320
20190824005202 -4.746419 -4.628739 -7.845320
20190824005302 -4.707192 -4.589512 -7.884547
20190824005402 -4.746419 -4.628739 -7.845320
20190824005502 -4.707192 -4.628739 -7.884547
20190824005602 -4.746419 -4.667965 -7.845320
20190824005702 -4.707192 -4.628739 -7.845320
20190824005802 -4.707192 -4.628739 -7.845320
20190824005902 -4.746419 -4.628739 -7.884547
20190824010002 -4.746419 -4.628739 -7.845320
20190824010102 -4.746419 -4.628739 -7.806093
20190824010202 -4.746419 -4.628739 -7.845320
20190824010302 -4.746419 -4.628739 -7.923773
20190824010402 -4.746419 -4.628739 -7.845320
20190824010502 -4.746419 -4.628739 -7.845320
20190824010602 -4.746419 -4.628739 -7.923773
20190824010702 -4.746419 -4.628739 -7.884547
20190824010802 -4.785645 -4.589512 -7.884547
20190824010902 -4.707192 -4.589512 -7.806093
20190824011002 -4.746419 -4.628739 -7.884547
20190824011102 -4.785645 -4.628739 -7.845320
20190824011202 -4.707192 -4.667965 -7.806093
20190824011302 -4.746419 -4.628739 -7.845320
20190824011402 -4.746419 -4.589512 -7.884547
20190824011502 -4.707192 -4.667965 -7.806093
20190824011602 -4.746419 -4.628739 -7.884547
20190824011702 -4.746419 -4.589512 -7.845320
20190824011802 -4.707192 -4.667965 -7.845320
20190824011902 -4.707192 -4.628739 -7.845320
20190824012002 -4.707192 -4.667965 -7.845320
20190824012102 -4.707192 -4.589512 -7.845320
20190824012202 -4.746419 -4.628739 -7.845320
20190824012302 -4.746419 -4.589512 -7.923773
20190824012402 -4.707192 -4.667965 -7.845320
20190824012502 -4.707192 -4.550286 -7.845320
20190824012602 -4.746419 -4.628739 -7.884547
20190824012702 -4.707192 -4.628739 -7.845320
20190824012802 -4.746419 -4.628739 -7.806093
20190824012902 -4.746419 -4.667965 -7.845320
20190824013001 -4.785645 -4.589512 -7.884547
20190824013101 -4.707192 -4.667965 -7.806093
20190824013201 -4.746419 -4.628739 -7.845320
20190824013301 -4.746419 -4.667965 -7.884547
20190824013401 -4.746419 -4.589512 -7.845320
20190824013501 -4.746419 -4.667965 -7.884547
20190824013601 -4.707192 -4.628739 -7.845320
20190824013701 -4.746419 -4.667965 -7.884547
20190824013801 -4.746419 -4.667965 -7.884547
20190824013902 -4.707192 -4.667965 -7.884547
20190824014002 -4.746419 -4.667965 -7.884547
20190824014102 -4.707192 -4.667965 -7.884547
20190824014201 -4.707192 -4.667965 -7.845320
20190824014301 -4.746419 -4.628739 -7.884547
20190824014401 -4.746419 -4.628739 -7.845320
20190824014501 -4.746419 -4.589512 -7.845320
20190824014601 -4.746419 -4.628739 -7.884547
20190824014701 -4.746419 -4.628739 -7.845320
20190824014801 -4.746419 -4.667965 -7.845320
20190824014901 -4.746419 -4.628739 -7.806093
20190824015001 -4.746419 -4.628739 -7.845320
20190824015101 -4.785645 -4.667965 -7.845320
20190824015202 -4.707192 -4.628739 -7.884547
20190824015301 -4.746419 -4.589512 -7.845320
20190824015401 -4.707192 -4.667965 -7.884547
20190824015501 -4.746419 -4.667965 -7.884547
20190824015601 -4.707192 -4.667965 -7.806093
20190824015701 -4.746419 -4.628739 -7.806093
20190824015801 -4.707192 -4.667965 -7.766867
20190824015901 -4.746419 -4.589512 -7.884547
20190824020001 -4.707192 -4.628739 -7.845320
20190824020101 -4.746419 -4.628739 -7.845320
20190824020201 -4.785645 -4.667965 -7.884547
20190824020301 -4.746419 -4.628739 -7.845320
20190824020401 -4.707192 -4.628739 -7.884547
20190824020501 -4.746419 -4.667965 -7.806093
20190824020601 -4.707192 -4.628739 -7.845320
20190824020701 -4.746419 -4.628739 -7.845320
20190824020801 -4.707192 -4.667965 -7.884547
20190824020901 -4.746419 -4.628739 -7.806093
20190824021001 -4.707192 -4.628739 -7.884547
20190824021101 -4.707192 -4.667965 -7.923773
20190824021201 -4.707192 -4.628739 -7.806093
20190824021301 -4.785645 -4.628739 -7.884547
20190824021401 -4.707192 -4.628739 -7.845320
20190824021501 -4.707192 -4.589512 -7.884547
20190824021601 -4.746419 -4.589512 -7.806093
20190824021701 -4.746419 -4.667965 -7.884547
20190824021801 -4.746419 -4.628739 -7.845320
20190824021901 -4.746419 -4.667965 -7.806093
20190824022001 -4.746419 -4.628739 -7.884547
20190824022101 -4.746419 -4.628739 -7.884547
20190824022201 -4.746419 -4.667965 -7.923773
20190824022301 -4.785645 -4.550286 -7.806093
20190824022401 -4.746419 -4.667965 -7.845320
20190824022501 -4.746419 -4.667965 -7.845320
20190824022601 -4.707192 -4.628739 -7.845320
20190824022701 -4.746419 -4.667965 -7.845320
20190824022801 -4.746419 -4.628739 -7.884547
20190824022901 -4.746419 -4.667965 -7.884547
20190824023001 -4.707192 -4.628739 -7.845320
20190824023101 -4.746419 -4.667965 -7.845320
20190824023201 -4.707192 -4.628739 -7.845320
20190824023301 -4.746419 -4.589512 -7.884547
20190824023401 -4.746419 -4.667965 -7.806093
20190824023501 -4.746419 -4.628739 -7.884547
20190824023601 -4.746419 -4.667965 -7.845320
20190824023701 -4.707192 -4.628739 -7.845320
20190824023801 -4.707192 -4.628739 -7.845320
20190824023901 -4.785645 -4.628739 -7.845320
20190824024001 -4.746419 -4.628739 -7.845320
20190824024101 -4.707192 -4.667965 -7.884547
20190824024201 -4.707192 -4.628739 -7.845320
20190824024301 -4.746419 -4.667965 -7.884547
20190824024401 -4.746419 -4.628739 -7.845320
20190824024501 -4.785645 -4.628739 -7.845320
20190824024601 -4.707192 -4.628739 -7.845320
20190824024701 -4.746419 -4.589512 -7.884547
20190824024801 -4.785645 -4.667965 -7.884547
20190824024901 -4.707192 -4.628739 -7.884547
20190824025001 -4.746419 -4.628739 -7.884547
20190824025101 -4.785645 -4.667965 -7.845320
20190824025201 -4.707192 -4.628739 -7.806093
20190824025301 -4.707192 -4.667965 -7.884547
20190824025401 -4.785645 -4.628739 -7.884547
20190824025501 -4.785645 -4.667965 -7.884547
20190824025601 -4.707192 -4.667965 -7.845320
20190824025701 -4.707192 -4.628739 -7.845320
20190824025801 -4.785645 -4.667965 -7.884547
20190824025901 -4.785645 -4.667965 -7.806093
20190824030001 -4.707192 -4.667965 -7.884547
20190824030101 -4.667965 -4.628739 -7.884547
20190824030201 -4.785645 -4.667965 -7.884547
20190824030301 -4.746419 -4.589512 -7.884547
20190824030401 -4.746419 -4.667965 -7.845320
20190824030501 -4.746419 -4.667965 -7.884547
20190824030601 -4.707192 -4.628739 -7.884547
20190824030701 -4.707192 -4.667965 -7.884547
20190824030801 -4.707192 -4.667965 -7.884547
20190824030901 -4.707192 -4.667965 -7.845320
20190824031001 -4.746419 -4.667965 -7.884547
20190824031101 -4.707192 -4.628739 -7.884547
20190824031201 -4.746419 -4.667965 -7.845320
20190824031301 -4.746419 -4.589512 -7.884547
20190824031401 -4.746419 -4.628739 -7.884547
20190824031501 -4.746419 -4.628739 -7.845320
20190824031601 -4.707192 -4.628739 -7.845320
20190824031701 -4.707192 -4.667965 -7.845320
20190824031801 -4.707192 -4.589512 -7.845320
20190824031901 -4.746419 -4.589512 -7.845320
20190824032001 -4.667965 -4.589512 -7.845320
20190824032101 -4.667965 -4.667965 -7.923773
20190824032201 -4.746419 -4.628739 -7.845320
20190824032301 -4.746419 -4.628739 -7.845320
20190824032401 -4.707192 -4.707192 -7.845320
20190824032501 -4.785645 -4.628739 -7.884547
20190824032601 -4.707192 -4.628739 -7.845320
20190824032701 -4.746419 -4.667965 -7.845320
20190824032801 -4.707192 -4.628739 -7.884547
20190824032901 -4.746419 -4.628739 -7.806093
20190824033001 -4.746419 -4.628739 -7.806093
20190824033101 -4.707192 -4.667965 -7.884547
20190824033201 -4.667965 -4.628739 -7.884547
20190824033301 -4.667965 -4.628739 -7.884547
20190824033401 -4.746419 -4.628739 -7.845320
20190824033501 -4.707192 -4.628739 -7.845320
20190824033601 -4.746419 -4.667965 -7.845320
20190824033701 -4.707192 -4.707192 -7.884547
20190824033801 -4.746419 -4.628739 -7.884547
20190824033901 -4.746419 -4.628739 -7.845320
20190824034001 -4.707192 -4.628739 -7.845320
20190824034101 -4.707192 -4.628739 -7.845320
20190824034202 -4.746419 -4.628739 -7.806093
20190824034302 -4.746419 -4.628739 -7.845320
20190824034402 -4.667965 -4.707192 -7.845320
20190824034502 -4.746419 -4.628739 -7.845320
20190824034602 -4.707192 -4.628739 -7.845320
20190824034702 -4.707192 -4.628739 -7.884547
20190824034802 -4.746419 -4.628739 -7.884547
20190824034902 -4.746419 -4.628739 -7.845320
20190824035002 -4.707192 -4.667965 -7.845320
20190824035102 -4.746419 -4.667965 -7.845320
20190824035202 -4.667965 -4.628739 -7.845320
20190824035302 -4.785645 -4.628739 -7.806093
20190824035402 -4.746419 -4.589512 -7.806093
20190824035502 -4.746419 -4.667965 -7.923773
20190824035602 -4.707192 -4.628739 -7.845320
20190824035702 -4.707192 -4.628739 -7.923773
20190824035802 -4.746419 -4.589512 -7.845320
20190824035902 -4.746419 -4.589512 -7.845320
20190824040002 -4.746419 -4.667965 -7.845320
20190824040102 -4.746419 -4.628739 -7.845320
20190824040202 -4.746419 -4.628739 -7.845320
20190824040302 -4.746419 -4.667965 -7.884547
20190824040402 -4.707192 -4.667965 -7.884547
20190824040502 -4.707192 -4.667965 -7.884547
20190824040602 -4.746419 -4.667965 -7.845320
20190824040702 -4.746419 -4.667965 -7.884547
20190824040802 -4.707192 -4.667965 -7.845320
20190824040902 -4.746419 -4.628739 -7.845320
20190824041002 -4.707192 -4.628739 -7.845320
20190824041102 -4.746419 -4.628739 -7.923773
20190824041202 -4.707192 -4.628739 -7.845320
20190824041302 -4.707192 -4.628739 -7.884547
20190824041402 -4.746419 -4.628739 -7.884547
20190824041502 -4.746419 -4.667965 -7.963000
20190824041602 -4.707192 -4.628739 -7.845320
20190824041702 -4.746419 -4.667965 -7.845320
20190824041802 -4.707192 -4.628739 -7.884547
20190824041902 -4.746419 -4.628739 -7.884547
20190824042002 -4.746419 -4.628739 -7.845320
20190824042102 -4.746419 -4.628739 -7.884547
20190824042202 -4.707192 -4.628739 -7.884547
20190824042302 -4.746419 -4.628739 -7.884547
20190824042402 -4.707192 -4.628739 -7.884547
20190824042502 -4.707192 -4.667965 -7.845320
20190824042602 -4.707192 -4.628739 -7.845320
20190824042702 -4.746419 -4.628739 -7.884547
20190824042802 -4.707192 -4.628739 -7.845320
20190824042902 -4.785645 -4.628739 -7.884547
20190824043002 -4.707192 -4.628739 -7.884547
20190824043102 -4.746419 -4.628739 -7.845320
20190824043202 -4.746419 -4.589512 -7.884547
20190824043302 -4.707192 -4.667965 -7.923773
20190824043402 -4.707192 -4.628739 -7.884547
20190824043502 -4.746419 -4.628739 -7.884547
20190824043602 -4.746419 -4.628739 -7.884547
20190824043702 -4.746419 -4.589512 -7.884547
20190824043802 -4.707192 -4.667965 -7.884547
20190824043902 -4.746419 -4.628739 -7.845320
20190824044002 -4.746419 -4.589512 -7.884547
20190824044102 -4.707192 -4.628739 -7.806093
20190824044202 -4.746419 -4.628739 -7.884547
20190824044302 -4.746419 -4.589512 -7.845320
20190824044402 -4.746419 -4.628739 -7.884547
20190824044502 -4.785645 -4.628739 -7.806093
20190824044602 -4.746419 -4.667965 -7.884547
20190824044702 -4.785645 -4.628739 -7.845320
20190824044802 -4.746419 -4.667965 -7.884547
20190824044902 -4.707192 -4.628739 -7.845320
20190824045002 -4.746419 -4.628739 -7.845320
20190824045102 -4.707192 -4.628739 -7.806093
20190824045202 -4.707192 -4.667965 -7.845320
20190824045302 -4.746419 -4.667965 -7.923773
20190824045402 -4.746419 -4.667965 -7.845320
20190824045502 -4.785645 -4.667965 -7.845320
20190824045602 -4.707192 -4.667965 -7.845320
20190824045702 -4.746419 -4.628739 -7.845320
20190824045802 -4.707192 -4.628739 -7.884547
20190824045902 -4.707192 -4.628739 -7.884547
20190824050002 -4.746419 -4.628739 -7.845320
20190824050102 -4.667965 -4.628739 -7.884547
20190824050202 -4.707192 -4.667965 -7.845320
20190824050302 -4.746419 -4.667965 -7.845320
20190824050402 -4.707192 -4.628739 -7.845320
20190824050502 -4.746419 -4.628739 -7.884547
20190824050602 -4.746419 -4.628739 -7.884547
20190824050702 -4.746419 -4.628739 -7.884547
20190824050802 -4.746419 -4.628739 -7.845320
20190824050902 -4.707192 -4.628739 -7.884547
20190824051002 -4.746419 -4.628739 -7.884547
20190824051102 -4.628739 -4.628739 -7.727640
20190824051202 -4.746419 -4.667965 -7.884547
20190824051302 -4.746419 -4.628739 -7.884547
20190824051402 -4.707192 -4.667965 -7.845320
20190824051502 -4.746419 -4.707192 -7.845320
20190824051602 -4.746419 -4.628739 -7.845320
20190824051702 -4.746419 -4.628739 -7.806093
20190824051802 -4.746419 -4.667965 -7.845320
20190824051902 -4.707192 -4.628739 -7.884547
20190824052002 -4.707192 -4.628739 -7.884547
20190824052102 -4.746419 -4.628739 -7.845320
20190824052202 -4.785645 -4.667965 -7.884547
20190824052302 -4.746419 -4.589512 -7.884547
20190824052402 -4.746419 -4.628739 -7.845320
20190824052502 -4.746419 -4.628739 -7.884547
20190824052602 -4.707192 -4.589512 -7.884547
20190824052702 -4.746419 -4.628739 -7.806093
20190824052802 -4.707192 -4.628739 -7.884547
20190824052902 -4.746419 -4.628739 -7.845320
20190824053002 -4.746419 -4.667965 -7.806093
20190824053102 -4.667965 -4.628739 -7.884547
20190824053202 -4.707192 -4.667965 -7.923773
20190824053302 -4.707192 -4.628739 -7.884547
20190824053402 -4.707192 -4.628739 -7.845320
20190824053501 -4.707192 -4.667965 -7.884547
20190824053601 -4.707192 -4.667965 -7.845320
20190824053701 -4.667965 -4.628739 -7.845320
20190824053801 -4.707192 -4.667965 -7.845320
20190824053901 -4.707192 -4.628739 -7.884547
20190824054001 -4.746419 -4.628739 -7.884547
20190824054101 -4.707192 -4.667965 -7.806093
20190824054201 -4.707192 -4.628739 -7.884547
20190824054301 -4.746419 -4.589512 -7.884547
20190824054401 -4.707192 -4.628739 -7.884547
20190824054501 -4.707192 -4.628739 -7.884547
20190824054601 -4.746419 -4.628739 -7.884547
20190824054701 -4.746419 -4.589512 -7.884547
20190824054801 -4.707192 -4.628739 -7.845320
20190824054901 -4.746419 -4.628739 -7.845320
20190824055001 -4.746419 -4.628739 -7.884547
20190824055101 -4.785645 -4.628739 -7.845320
20190824055201 -4.746419 -4.628739 -7.845320
20190824055301 -4.746419 -4.589512 -7.884547
20190824055401 -4.707192 -4.628739 -7.845320
20190824055501 -4.746419 -4.628739 -7.884547
20190824055601 -4.746419 -4.628739 -7.845320
20190824055701 -4.707192 -4.628739 -7.884547
20190824055801 -4.746419 -4.628739 -7.884547
20190824055901 -4.746419 -4.628739 -7.845320
20190824060001 -4.746419 -4.628739 -7.884547
20190824060101 -4.707192 -4.667965 -7.845320
20190824060201 -4.746419 -4.667965 -7.884547
20190824060301 -4.746419 -4.628739 -7.884547
20190824060401 -4.746419 -4.628739 -7.845320
20190824060501 -4.746419 -4.589512 -7.923773
20190824060601 -4.746419 -4.589512 -7.806093
20190824060701 -4.746419 -4.628739 -7.845320
20190824060801 -4.746419 -4.589512 -7.884547
20190824060901 -4.746419 -4.667965 -7.806093
20190824061001 -4.746419 -4.667965 -7.845320
20190824061101 -4.746419 -4.628739 -7.845320
20190824061201 -4.707192 -4.667965 -7.884547
20190824061301 -4.746419 -4.589512 -7.884547
20190824061401 -4.746419 -4.628739 -7.806093
20190824061501 -4.707192 -4.628739 -7.806093
20190824061601 -4.707192 -4.628739 -7.884547
20190824061701 -4.746419 -4.628739 -7.845320
20190824061801 -4.707192 -4.589512 -7.884547
20190824061901 -4.707192 -4.589512 -7.845320
20190824062001 -4.707192 -4.628739 -7.806093
20190824062101 -4.707192 -4.667965 -7.845320
20190824062201 -4.707192 -4.628739 -7.884547
20190824062301 -4.746419 -4.628739 -7.845320
20190824062401 -4.746419 -4.628739 -7.884547
20190824062501 -4.746419 -4.667965 -7.884547
20190824062601 -4.746419 -4.628739 -7.923773
20190824062701 -4.707192 -4.628739 -7.884547
20190824062801 -4.746419 -4.628739 -7.884547
20190824062901 -4.707192 -4.589512 -7.923773
20190824063001 -4.707192 -4.628739 -7.845320
20190824063101 -4.707192 -4.628739 -7.884547
20190824063201 -4.746419 -4.667965 -7.845320
20190824063301 -4.746419 -4.628739 -7.806093
20190824063401 -4.667965 -4.628739 -7.884547
20190824063501 -4.746419 -4.667965 -7.845320
20190824063601 -4.707192 -4.667965 -7.845320
20190824063701 -4.746419 -4.628739 -7.845320
20190824063801 -4.707192 -4.667965 -7.884547
20190824063902 -4.746419 -4.667965 -7.884547
20190824064002 -4.707192 -4.667965 -7.923773
20190824064102 -4.746419 -4.628739 -7.845320
20190824064202 -4.707192 -4.667965 -7.845320
20190824064302 -4.707192 -4.628739 -7.923773
20190824064402 -4.707192 -4.628739 -7.845320
20190824064502 -4.746419 -4.589512 -7.884547
20190824064602 -4.707192 -4.707192 -7.845320
20190824064702 -4.746419 -4.628739 -7.845320
20190824064802 -4.746419 -4.628739 -7.884547
20190824064902 -4.746419 -4.628739 -7.884547
20190824065002 -4.707192 -4.667965 -7.884547
20190824065102 -4.707192 -4.667965 -7.845320
20190824065202 -4.707192 -4.667965 -7.884547
20190824065302 -4.746419 -4.550286 -7.884547
20190824065401 -4.707192 -4.628739 -7.845320
20190824065501 -4.707192 -4.628739 -7.845320
20190824065601 -4.707192 -4.628739 -7.884547
20190824065701 -4.707192 -4.667965 -7.884547
20190824065801 -4.707192 -4.628739 -7.884547
20190824065901 -4.746419 -4.628739 -7.845320
20190824070001 -4.707192 -4.667965 -7.845320
20190824070101 -4.707192 -4.707192 -7.806093
20190824070201 -4.707192 -4.628739 -7.845320
20190824070301 -4.707192 -4.667965 -7.727640
20190824070401 -4.707192 -4.628739 -7.845320
20190824070501 -4.707192 -4.628739 -7.845320
20190824070601 -4.707192 -4.667965 -7.845320
20190824070701 -4.785645 -4.589512 -7.845320
20190824070801 -4.667965 -4.667965 -7.884547
20190824070901 -4.746419 -4.667965 -7.884547
20190824071001 -4.785645 -4.667965 -7.884547
20190824071101 -4.746419 -4.628739 -7.884547
20190824071201 -4.746419 -4.628739 -7.923773
20190824071301 -4.707192 -4.628739 -7.845320
20190824071401 -4.746419 -4.667965 -7.884547
20190824071501 -4.707192 -4.667965 -7.845320
20190824071601 -4.707192 -4.667965 -7.884547
20190824071701 -4.707192 -4.628739 -7.845320
20190824071801 -4.707192 -4.667965 -7.845320
20190824071901 -4.707192 -4.628739 -7.884547
20190824072001 -4.707192 -4.628739 -7.884547
20190824072101 -4.746419 -4.628739 -7.845320
20190824072201 -4.707192 -4.628739 -7.845320
20190824072302 -4.707192 -4.628739 -7.884547
20190824072402 -4.707192 -4.628739 -7.884547
20190824072502 -4.707192 -4.628739 -7.884547
20190824072602 -4.746419 -4.589512 -7.845320
20190824072702 -4.746419 -4.589512 -7.884547
20190824072802 -4.707192 -4.667965 -7.884547
20190824072902 -4.707192 -4.628739 -7.845320
20190824073002 -4.667965 -4.628739 -7.845320
20190824073102 -4.707192 -4.589512 -7.884547
20190824073202 -4.746419 -4.628739 -7.884547
20190824073302 -4.667965 -4.667965 -7.884547
20190824073402 -4.707192 -4.628739 -7.845320
20190824073501 -4.667965 -4.667965 -7.845320